#var	n	min	max	median	mean	stdev	q1	q3	-95%	+95%
-1367314377240	100	-1.36733e+12	31564	-1.36732e+12	-8.47739e+11	6.67023e+11	-1.36732e+12	7350	-2.1551e+12	4.59625e+11
83.0	100	54	316	214	207.17	55.3067	186.5	242.5	98.7689	315.571
76.0	100	0	259	121	119.29	70.7316	54.5	180.5	-19.3439	257.924
29.0	100	0	247	43	57.5	50.852	21.5	72	-42.17	157.17
29.0	100	0	177	19	28.44	30.868	8	38	-32.0613	88.9413
6.0	100	0	106	11.5	16.3	16.3833	4	23.5	-15.8114	48.4114
6.0	100	0	55	8.5	11.58	11.432	2	19	-10.8267	33.9867
4.0	100	0	31	6.5	8.63	7.78065	2	14	-6.62007	23.8801
4.0	100	0	31	5	6.86	6.76297	1	11	-6.39542	20.1154
3.0	100	0	31	4	5.85	6.12228	1	8.5	-6.14967	17.8497
3.0	100	0	31	3.5	4.84	5.03065	1	7	-5.02008	14.7001
1.0	100	0	31	3	4.26	4.58725	1	6	-4.731	13.251
1.0	100	0	31	3	3.86	4.3485	1	5.5	-4.66307	12.3831
1.0	100	0	31	3	3.62	4.16522	1	5.5	-4.54384	11.7838
1.0	100	0	31	2.5	3.37	4.01677	1	5	-4.50287	11.2429
1.0	100	0	31	2	3.15	3.91159	1	5	-4.51671	10.8167
1.0	100	0	31	2	2.8	3.76588	1	4	-4.58112	10.1811
1.0	100	0	31	1	2.52	3.76716	0	3.5	-4.86364	9.90364
1.0	100	0	31	1	2.4	3.76051	0	3	-4.97059	9.77059
