#var	n	min	max	median	mean	stdev	q1	q3	-95%	+95%
-1367314396384	100	-1.36733e+12	43271	-1.36732e+12	-7.657e+11	6.8214e+11	-1.36732e+12	11424.5	-2.1027e+12	5.71294e+11
68.0	100	59	415	230.5	233.99	53.2811	201.5	260	129.559	338.421
28.0	100	17	415	164	154.84	90.4181	68.5	215	-22.3794	332.059
28.0	100	2	415	52	98.01	96.775	28	156.5	-91.669	287.689
28.0	100	0	415	31.5	71.85	96.5723	15.5	68.5	-117.432	261.132
10.0	100	0	415	18.5	59.29	97.2935	8.5	46	-131.405	249.985
7.0	100	0	415	13	51.46	98.7282	4	29.5	-142.047	244.967
7.0	100	0	415	9	47.38	99.7027	3	18	-148.037	242.797
7.0	100	0	415	8	45.12	100.275	2	13.5	-151.419	241.659
7.0	100	0	415	5.5	44.06	100.636	2	12	-153.187	241.307
7.0	100	0	415	4	43.07	100.962	2	10	-154.816	240.956
7.0	100	0	415	3.5	42.17	101.266	1	10	-156.311	240.651
7.0	100	0	415	3	41.68	101.436	1	7	-157.134	240.494
6.0	100	0	415	2.5	41.13	101.629	1	5	-158.064	240.324
6.0	100	0	415	2	40.97	101.687	0.5	5	-158.337	240.277
5.0	100	0	415	2	40.77	101.76	0.5	4	-158.68	240.22
5.0	100	0	415	2	40.7	101.785	0.5	4	-158.798	240.198
5.0	100	0	415	2	40.61	101.818	0	4	-158.953	240.173
5.0	100	0	415	2	40.47	101.863	0	4	-159.182	240.122
