#var	n	min	max	median	mean	stdev	q1	q3	-95%	+95%
-1367314419004	19	1	243	4	32.6316	70.2806	1	26	-105.118	170.381
-1367314545712	18	16	258	16	45.8889	75.157	16	37	-101.419	193.197
10152	19	0	265	0	44.2105	84.0804	0	42	-120.587	209.008
30334	19	2	241	16	44.1053	70.149	2	57	-93.3867	181.597
-1367314924222	18	2	241	6	25.6667	58.0628	2	21	-88.1365	139.47
-1367315029062	19	3	288	19	55.7895	76.522	3	81	-94.1937	205.773
30517	18	2	265	5	45.8333	78.1215	4	36	-107.285	198.951
-1367315323138	18	1	278	6	27	65.1026	6	6	-100.601	154.601
-1367315425875	18	3	294	3	42.6111	85.445	3	39	-124.861	210.083
16098	19	0	326	10	64.9474	104.931	2	120	-140.717	270.612
-1	18	369	369	369	369	0	369	369	369	369
-1367315863507	19	1	207	8	22.5789	54.8638	1	8	-84.9541	130.112
-1367315944648	18	1	258	1	32	78.0596	1	4	-120.997	184.997
-1367316089017	18	2	285	8	54.6111	93.3275	2	39	-128.311	237.533
36140	19	1	282	8	48.3684	77.3938	1	73	-103.323	200.06
-1367316297634	19	5	252	11	39.1579	70.736	5	37	-99.4847	177.8
22113	18	4	251	4	45.7222	83.4716	4	29	-117.882	209.327
-1367316672472	19	2	250	7	40.3684	73.8243	2	26	-104.327	185.064
-1367316853090	18	246	300	246	249	12.7279	246	246	224.053	273.947
-1367316948789	18	270	270	270	270	0	270	270	270	270
45113	18	8	389	13	79.3889	110.37	9	84	-136.936	295.714
-1367317151563	19	9	323	9	69.2632	99.5567	9	69	-125.868	264.394
35833	18	1	244	6	38.6111	71.643	1	51	-101.809	179.031
46863	19	3	261	4	45.8421	74.2879	3	66	-99.7622	191.446
-1367317607393	18	1	297	6.5	63.1667	105.841	1	54	-144.281	270.615
-1367317746434	18	1	285	9	51.5	95.3898	1	27	-135.464	238.464
-1367318001047	18	5	296	5	43.8889	78.186	5	37	-109.356	197.133
-1367318114408	18	224	287	224	227.556	14.8372	224	224	198.475	256.637
-1	18	349	349	349	349	0	349	349	349	349
22470	19	3	218	23	53.1579	66.6761	3	129	-77.5272	183.843
28465	19	3	243	7	42.3158	70.6989	3	34	-96.2541	180.886
-1367318767447	18	270	270	270	270	0	270	270	270	270
-1367318849998	19	2	254	24	60.4737	80.3986	2	100	-97.1075	218.055
19027	19	0	224	14	31.4211	62.2051	3	14	-90.501	153.343
-1367319397965	18	11	169	11	22.2222	38.0658	11	11	-52.3868	96.8312
23417	19	1	276	1	53.7895	92.4654	1	47	-127.443	235.022
27300	18	2	290	2	50.3333	91.2772	2	44	-128.57	229.237
-1367319928377	19	3	386	19	85.5789	120.345	7	140	-150.296	321.454
-1367320102631	18	280	281	280	280.056	0.235702	280	280	279.594	280.518
-1367320252039	19	2	391	27	89.2632	120.599	2	185	-147.112	325.638
21032	19	5	315	7	40.3684	82.7064	7	27	-121.736	202.473
30338	19	15	391	31	83.1579	112.518	25	59	-137.377	303.693
-1367321242078	19	2	296	13	49.5789	94.0593	2	19	-134.777	233.935
-1367321372876	19	2	257	4	40.5263	79.1632	2	20	-114.634	195.686
32154	19	6	310	8	63.8421	107.408	8	46	-146.679	274.363
-1367321628483	18	245	291	245	247.556	10.8423	245	245	226.305	268.806
-1367321712938	18	351	351	351	351	0	351	351	351	351
-1367321919525	18	315	315	315	315	0	315	315	315	315
10594	19	0	259	0	59.4737	84.2828	0	147	-105.721	224.668
-1367322116770	19	7	227	8	31.4737	63.6809	7	16	-93.341	156.288
-1367322239823	18	4	263	6	41.1667	77.1624	4	16	-110.072	192.405
-1	18	340	340	340	340	0	340	340	340	340
-1367322491200	18	3	243	3	33.7778	68.1759	3	44	-99.8469	167.402
10774	18	0	204	7	43	65.8474	0	81	-86.0609	172.061
-1367322913914	19	2	297	13	52.9474	89.0165	2	72	-121.525	227.42
21974	19	5	379	8	59.0526	105.621	6	38	-147.965	266.07
7892	18	0	275	0	46.9444	94.5419	0	39	-138.358	232.247
14635	19	0	287	3	43.1579	84.5224	0	34	-122.506	208.822
7399	19	0	256	0	38.3158	79.2829	0	29	-117.079	193.71
-1367323957680	18	40	273	40	54.5	54.927	40	40	-53.1568	162.157
16597	19	0	266	10	40.4211	72.332	9	48	-101.35	182.192
14811	18	0	213	1	23.9444	59.3687	0	4	-92.4182	140.307
-1367324316190	19	1	248	4	32.0526	69.4354	1	15	-104.041	168.146
-1367324422203	19	4	247	6	34.6842	67.2566	4	31	-97.1387	166.507
-1367324503972	18	1	257	6	45.6667	80.039	1	77	-111.21	202.543
25720	19	2	239	3	21.7895	56.943	2	4	-89.8189	133.398
21155	18	6	240	11	22.7222	54.4338	6	11	-83.968	129.412
-1367324987937	19	1	261	8	38.1579	77.1717	1	9	-113.099	189.414
31297	19	1	232	4	30.4737	59.5552	4	49	-86.2545	147.202
-1367325211815	18	120	258	120	135.167	38.3118	120	120	60.0755	210.258
-1367325324143	18	311	311	311	311	0	311	311	311	311
13305	19	0	254	1	27.6842	70.1744	0	4	-109.858	165.226
-1367325597237	19	3	215	9	34.3684	61.5117	3	25	-86.1945	154.931
-1367325866124	19	3	247	12	48.0526	82.6125	5	21	-113.868	209.973
-1367325944074	18	2	306	3	54.9444	91.9063	2	71	-125.192	235.081
12031	18	0	338	7	64.5	106.219	0	102	-143.688	272.688
6895	18	0	254	0	34.3889	78.4168	0	15	-119.308	188.086
10995	18	0	303	5.5	32.6667	79.8558	0	11	-123.851	189.184
20125	18	3	295	11	37.8333	82.4523	3	11	-123.773	199.44
-1367326699912	18	1	210	4	37.4444	72.4595	4	5	-104.576	179.465
18777	19	0	227	3	41.4211	69.1265	2	103	-94.067	176.909
19653	18	1	247	4.5	35.6111	73.6783	1	21	-108.798	180.021
-1367327325728	19	1	250	1	29	72.476	1	5	-113.053	171.053
-1367327433234	19	7	251	8	45.5789	80.2955	8	29	-111.8	202.958
-1367327582162	19	2	272	6	52.9474	85.9777	6	91	-115.569	221.464
7996	18	0	239	0	48.6667	88.9785	0	44	-125.731	223.065
-1367327887286	18	3	184	7	21.2778	42.2163	3	15	-61.4661	104.022
32027	19	1	259	1	29.8421	69.1	1	15	-105.594	165.278
-1367328067602	18	3	260	4	43.6111	82.428	3	33	-117.948	205.17
5771	18	0	265	0	32.2222	79.7744	0	0	-124.136	188.58
-1367328525370	18	3	286	8	40.5	80.0935	5	29	-116.483	197.483
15867	18	0	214	3	24.3333	55.2715	3	3	-83.9989	132.666
-1367329046403	19	1	246	11	34.2105	66.1451	5	26	-95.4339	163.855
7798	19	0	248	0	40.8421	83.5612	0	22	-122.938	204.622
-1367329535594	18	297	297	297	297	0	297	297	297	297
18729	18	0	297	2	34.7778	76.795	2	31	-115.74	185.296
23295	18	2	270	18.5	51	72.9859	7	71	-92.0524	194.052
-1367329846701	18	2	241	3.5	26.2778	56.6629	2	27	-84.7815	137.337
19268	18	2	207	2	28	58.6866	2	5	-87.0257	143.026
-1367330109627	18	192	270	192	196.667	18.356	192	192	160.689	232.644
-1367330314082	18	6	277	6	45.8333	75.9793	6	76	-103.086	194.753
