#var	n	min	max	median	mean	stdev	q1	q3	-95%	+95%
-1367314396384	18	5	68	7	13.5	15.9235	6	10	-17.7101	44.7101
23808	19	6	260	10	31.5263	61.3364	9	16	-88.693	151.746
-1367314606235	18	299	299	299	299	0	299	299	299	299
-1367314693888	18	367	367	367	367	0	367	367	367	367
10352	18	0	201	1.5	26.2222	64.1822	0	3	-99.575	152.019
4334	18	0	265	0	16.3333	62.3029	0	0	-105.78	138.447
-1367315108461	18	302	302	302	302	0	302	302	302	302
24749	19	4	239	4	27.5263	60.8982	4	4	-91.8342	146.887
-1367315397290	18	1	229	1	22.0556	62.5464	1	1	-100.535	144.647
24438	18	3	251	10	46	71.8168	3	59	-94.7609	186.761
-1367315736163	18	2	227	7	24.6667	53.5845	6	13	-80.3589	129.692
18481	18	0	238	2	41.4444	82.8246	2	24	-120.892	203.781
-1367315941309	18	231	271	231	233.222	9.42809	231	231	214.743	251.701
31684	18	3	259	12.5	41.5	80.056	4	37	-115.41	198.41
-1367316170797	18	1	277	6.5	22.8333	63.8705	3	13	-102.353	148.02
-1367316295172	18	375	375	375	375	0	375	375	375	375
6567	19	0	153	0	18.3684	41.5013	0	7	-62.9741	99.7109
-1367316643310	18	1	259	15	32	64.8936	3	15	-95.1914	159.191
8937	18	0	174	0	25.2778	55.9683	0	18	-84.42	134.976
7272	18	0	260	0	44.7778	84.7915	0	47	-121.414	210.969
9532	18	0	233	0	20	54.1816	0	12	-86.196	126.196
-1367317146962	18	244	272	244	245.611	6.59	244	244	232.695	258.528
7011	19	0	258	0	31.8947	72.9855	0	9	-111.157	174.946
13319	18	0	272	3	23.2778	64.1705	0	13	-102.497	149.052
-1367317568090	19	1	311	4	31.8421	81.8245	1	4	-128.534	192.218
-1367317714540	18	3	213	10	36.2778	65.5159	3	34	-92.1333	164.689
-1367317969336	18	1	192	4	30.5	53.5551	1	52	-74.468	135.468
-1367318081369	18	2	230	3	37.8333	70.902	2	14	-101.135	176.801
-1367318204773	18	2	248	4	32.2778	71.9394	4	5	-108.723	173.279
-1367318354409	18	1	228	3	35.7222	68.3329	2	43	-98.2103	169.655
20802	18	3	257	9	21.7222	58.9295	3	9	-93.7795	137.224
10171	18	0	236	1.5	29.2222	68.0299	0	23	-104.116	162.561
-1367318821127	18	1	186	10	18.5556	43.0174	1	11	-65.7585	102.87
20305	19	1	186	8	23.5789	44.0395	5	16	-62.7385	109.896
23523	19	2	201	2	19.3684	46.9127	2	7	-72.5805	111.317
-1367319448850	19	1	189	1	25.3158	58.9614	1	17	-90.2486	140.88
-1367319564505	18	216	300	216	220.667	19.799	216	216	181.861	259.473
43271	18	3	344	10	52.1111	100.134	3	19	-144.151	248.374
-1367320069990	19	7	244	11	39.4737	69.0784	7	11	-95.9199	174.867
-1367320210434	19	4	270	17	67.1053	91.3022	4	122	-111.847	246.058
-1367320369078	18	16	307	28	74.1111	87.0489	20	103	-96.5048	244.727
33589	19	7	307	10	47.2632	86.5588	10	16	-122.392	216.918
-1367321211582	18	4	248	6	23.3333	58.256	4	6	-90.8485	137.515
22636	19	2	239	2	41.0526	73.8222	2	62	-103.639	185.744
-1367321464004	18	4	186	6	36.1667	53.5155	4	56	-68.7238	141.057
-1367321599943	19	7	179	14	36.3684	46.4438	9	40	-54.6614	127.398
-1367321678932	18	2	244	4	54.7778	89.6507	4	73	-120.938	230.493
6846	18	0	206	0	17.7222	48.6921	0	23	-77.7142	113.159
-1367321969170	19	5	202	31	30.4737	44.3213	5	33	-56.396	117.343
25576	19	3	235	10	54	80.6667	3	118	-104.107	212.107
-1367322208724	18	2	204	2	29.5	57.8144	2	38	-83.8161	142.816
17356	18	0	288	10	45.5	81.4958	1	53	-114.232	205.232
7939	18	0	238	0	21.7778	57.2667	0	7	-90.465	134.021
12760	19	0	188	2	17.4737	43.5461	0	28	-67.8767	102.824
-1367322888087	18	2	192	3	20.2222	44.4728	2	13	-66.9445	107.389
12932	18	0	172	9.5	25.5556	52.1527	0	15	-76.6638	127.775
19643	19	0	216	3	18.1053	51.1576	1	3	-82.1636	118.374
-1367323242220	18	1	226	3	46.2778	80.1086	1	32	-110.735	203.291
-1367323380658	19	2	270	2	43.3158	85.8339	2	46	-124.919	211.55
-1367323930206	19	3	219	4	22.7368	49.709	3	28	-74.6928	120.166
-1367324004263	18	17	215	17	34.2778	48.3076	17	17	-60.4051	128.961
-1367324120211	18	2	184	4	18.0556	42.6276	4	5	-65.4946	101.606
12475	18	0	190	1	23.8333	53.6955	0	2	-81.4098	129.076
-1367324394260	19	1	228	13	34.2632	58.4198	1	46	-80.2396	148.766
-1367324501721	18	266	266	266	266	0	266	266	266	266
11434	19	0	230	10	23.1053	52.3067	0	36	-79.4158	125.626
14059	18	0	167	5	32.9444	54.2483	0	23	-73.3822	139.271
-1367324961663	18	1	178	1	14.9444	41.9081	1	7	-67.1955	97.0844
-1367325063356	18	8	215	10.5	41.3889	62.8679	10	38	-81.8321	164.61
-1367325209549	18	299	299	299	299	0	299	299	299	299
10436	18	0	197	1	22.8333	58.224	0	4	-91.2856	136.952
-1367325426717	18	1	219	1	19.5556	51.7962	1	6	-81.9651	121.076
28392	19	4	207	4	32.2105	59.1397	4	39	-83.7034	148.124
-1367325834681	19	3	256	6	32	73.7345	3	12	-112.52	176.52
-1367325941628	18	301	301	301	301	0	301	301	301	301
-1	18	415	415	415	415	0	415	415	415	415
-1367326123808	18	1	262	7	44.1667	74.4227	6	53	-101.702	190.035
-1367326309735	18	1	210	1	15.2222	49.3279	1	1	-81.4605	111.905
-1367326426498	19	2	202	2	31.2105	65.3483	2	5	-96.8721	159.293
-1367326674059	18	2	183	2	21.5	53.7305	2	2	-83.8119	126.812
-1367326842134	18	3	66	5	9.5	15.8606	3	5	-21.5868	40.5868
-1367326951214	18	2	231	9.5	26.3889	52.6399	2	26	-76.7853	129.563
-1367327323495	18	255	255	255	255	0	255	255	255	255
-1367327407445	18	4	197	4	24.7222	52.1511	4	11	-77.494	126.938
4766	18	0	192	0	14.2222	45.7352	0	0	-75.4189	103.863
13278	18	0	251	1	19.2222	58.8053	0	7	-96.0362	134.481
8690	19	0	202	0	23.7895	56.9967	0	15	-87.924	135.503
10361	19	0	216	0	20.8421	49.9592	0	29	-77.0779	118.762
-1367328065276	18	294	294	294	294	0	294	294	294	294
9777	18	0	242	0	29.8333	75.6387	0	2	-118.418	178.085
11415	18	0	137	9.5	24.4444	42.6093	0	27	-59.0699	107.959
23411	18	2	216	2	29.7222	63.963	2	2	-95.6453	155.09
21933	19	3	213	9	18.6842	47.7133	3	9	-74.8339	112.202
-1367329180472	18	1	59	3	8.55556	14.1181	1	17	-19.1159	36.227
-1367329511735	18	3	257	5.5	29.2222	59.1454	5	25	-86.7028	145.147
-1367329566817	18	2	206	7	39.3889	70.5609	2	15	-98.9105	177.688
-1367329679899	18	2	242	2	45	79.9809	2	39	-111.763	201.763
11034	18	0	280	4	41.3889	79.7881	0	27	-114.996	197.773
11356	18	0	194	5.5	16.6111	44.9066	0	19	-71.4059	104.628
-1367330079753	18	2	256	6.5	35.5	73.2973	2	15	-108.163	179.163
25605	18	2	227	2	25.6111	58.142	2	8	-88.3471	139.569
