#var	n	min	max	median	mean	stdev	q1	q3	-95%	+95%
-1367314377240	18	1	83	3	13.9444	25.4107	1	6	-35.8605	63.7494
-1367314469828	18	1	213	8	26.4444	53.0585	2	19	-77.5502	130.439
-1367314580419	18	8	277	13	42.2778	75.4686	9	13	-105.641	190.196
-1367314668535	19	3	176	3	23.4211	41.7696	3	30	-58.4474	105.29
-1367314753648	18	1	181	14.5	36.9444	50.2388	5	58	-61.5236	135.413
-1367314976665	18	3	193	3	16.3889	44.9616	3	4	-71.7359	104.514
-1367315085390	18	4	186	4	22.7778	48.1573	4	4	-71.6105	117.166
-1367315206274	18	1	180	4	16.3333	43.3888	1	4	-68.7087	101.375
5959	18	0	240	0	37.7778	77.7201	0	0	-114.554	190.109
-1367315490155	18	6	253	8	45.8333	75.3535	6	25	-101.859	193.526
4635	18	0	76	0	11.4444	26.6021	0	0	-40.6957	63.5846
12454	18	0	192	1	24.3889	58.0843	0	10	-89.4563	138.234
-1367315918033	18	1	197	1	35.6667	71.8151	1	10	-105.091	176.424
-1367315999690	19	1	211	1	28	61.5178	1	28	-92.575	148.575
-1367316146214	18	1	182	9	33.8333	53.1017	2	38	-70.2461	137.913
-1367316269092	18	1	232	1	27.4444	68.4004	1	1	-106.62	161.509
-1367316364606	19	1	281	1	23.7368	63.2911	1	17	-100.314	147.787
6163	18	0	218	0	16.7222	51.3612	0	1	-83.9458	117.39
-1367316735158	19	2	181	6	34.6842	58.4495	4	23	-79.8767	149.245
-1367316881517	18	3	239	3	35.7222	69.5513	3	17	-100.598	172.043
-1367316975723	18	3	229	3	31.5556	72.388	3	3	-110.325	173.436
-1367317119553	18	2	217	9	22.5	49.2894	4	22	-74.1071	119.107
-1367317217575	19	3	251	3	30.8421	73.2122	3	3	-112.654	174.338
-1367317374997	18	3	200	3	19.5	47.8407	3	3	-74.2678	113.268
-1367317538562	18	1	252	1	38.1111	74.2134	1	29	-107.347	183.569
-1367317685204	18	4	204	12	25.8889	46.1989	9	20	-64.661	116.439
5661	19	0	252	0	15.6316	57.8093	0	0	-97.6746	128.938
-1367318057060	18	2	166	15	31.5	46.2248	9	19	-59.1007	122.101
4659	18	0	184	0	19.9444	54.0005	0	0	-85.8966	125.785
13118	18	0	74	6	9.55556	16.9817	0	10	-23.7286	42.8397
-1367318567563	18	3	54	3.5	13.2222	16.9829	3	24	-20.0642	46.5087
9288	18	0	251	0	33.1111	73.5102	0	8	-110.969	177.191
25255	19	4	64	7	12.1579	13.3968	5	16	-14.0998	38.4156
-1367318920673	18	4	246	5	50.2222	74.3486	4	106	-95.501	195.945
17055	18	0	196	15	44.8889	71.5689	2	46	-95.3861	185.164
6066	18	0	214	0	26.4444	57.215	0	6	-85.6969	138.586
-1367319537835	18	11	200	11	29.2778	48.2211	11	11	-65.2355	123.791
-1367319812201	18	4	239	20	54.5556	79.4038	5	31	-101.076	210.187
18204	19	0	188	11	25.5789	49.0717	3	11	-70.6017	121.76
31564	19	1	316	6	39.1579	89.2041	1	38	-135.682	213.998
-1367320335679	19	1	275	4	28.9474	75.124	1	4	-118.296	176.19
-1367320491665	19	8	291	8	60.7368	95.5027	8	68	-126.448	247.922
19714	18	2	234	7	29	55.28	7	20	-79.3489	137.349
17845	19	0	180	6	18.0526	40.9722	6	10	-62.2528	98.3581
-1367321434690	18	5	58	5	15.1667	15.6591	5	23	-15.5251	45.8584
-1367321575450	19	2	189	7	32	51.4954	7	33	-68.931	132.931
14485	18	0	214	2	16.8889	50.1232	0	5	-81.3527	115.13
-1367321737899	19	9	234	9	31.7895	53.2297	9	20	-72.5407	136.12
-1367321945227	18	1	259	1.5	23.2778	61.8783	1	8	-98.0036	144.559
-1367322063303	19	1	259	1	18.2105	59.0467	1	11	-97.5209	133.942
-1367322181078	18	1	90	8	11	20.5827	1	11	-29.3421	51.3421
-1367322278816	18	1	310	5	45.4444	85.9755	5	30	-123.068	213.956
8519	19	0	203	0	26.4737	58.2193	0	26	-87.6361	140.583
4732	18	0	181	0	21	58.3297	0	0	-93.3262	135.326
8690	18	0	189	0	18.1667	47.0097	0	15	-73.9723	110.306
-1367322965164	19	4	199	6	24.3158	46.2169	6	12	-66.2694	114.901
-1367323083279	18	4	168	4	23.3333	45.2444	4	17	-65.3458	112.012
-1367323235992	18	31	262	31	54.3333	64.0505	31	31	-71.2057	179.872
6181	18	0	248	0	16.3333	58.0355	0	10	-97.4162	130.083
-1367323909663	18	1	87	1	11.6667	24.348	1	1	-36.0553	59.3887
-1367323980544	18	3	213	3	35.7778	63.4494	3	30	-88.5831	160.139
4105	18	0	233	0	14.7778	54.9155	0	0	-92.8566	122.412
4569	18	0	230	0	26.2222	74.1886	0	0	-119.187	171.632
-1367324369475	18	6	188	14.5	28.6667	44.2772	7	38	-58.1166	115.45
-1367324477953	18	1	206	1	27.7222	59.8191	1	6	-89.5233	144.968
20120	19	1	274	6	37.8947	78.8824	6	20	-116.715	192.504
-1367324709177	18	1	215	3	18.8889	51.0765	3	3	-81.2211	118.999
-1367324941097	18	2	224	10	26	52.661	6	11	-77.2155	129.215
-1367325039457	19	6	214	10	29.6842	47.1169	10	40	-62.665	122.033
-1367325187258	18	3	257	7	21.6111	59.1918	7	7	-94.4047	137.627
4922	18	0	187	0	12.2222	44.2221	0	0	-74.4531	98.8976
23079	18	1	228	2	29.9444	73.0845	2	2	-113.301	173.19
-1367325541493	18	2	249	2	30.0556	70.309	2	2	-107.75	167.861
15111	19	0	229	1	24.1053	61.2072	0	14	-95.8609	144.071
-1367325914419	18	4	267	20	41	75.1868	4	25	-106.366	188.366
-1367326012999	18	6	243	14.5	38.6111	59.5326	6	42	-78.0728	155.295
-1367326101282	18	5	242	5	20.7778	55.866	5	5	-88.7195	130.275
17901	18	0	169	3	21.6667	49.4832	3	3	-75.3204	118.654
-1367326405090	18	1	253	1	45.3333	81.8068	1	33	-115.008	205.675
-1367326652886	18	1	265	12	36.7222	76.1784	5	14	-112.588	186.032
17604	18	0	81	2	12.2778	25.2908	1	2	-37.2922	61.8477
17902	18	0	218	1	40.6667	75.4313	1	37	-107.179	188.512
17773	18	0	205	2	25.3889	58.495	2	4	-89.2613	140.039
16685	18	0	178	4.5	21.4444	48.1288	3	15	-72.888	115.777
19993	18	5	206	5	24.5556	47.7669	5	27	-69.0675	118.179
-1367327635127	18	1	230	5	24.2778	59.9145	1	6	-93.1546	141.71
-1367327744058	18	2	226	5	26.1667	51.7542	4	32	-75.2716	127.605
2949	18	0	197	0	10.9444	46.4333	0	0	-80.0649	101.954
-1367328040426	18	1	104	4	18.1667	30.6234	1	18	-41.8552	78.1886
-1367328187640	18	1	242	1	26	67.1898	1	8	-105.692	157.692
22720	18	8	212	9	34.8889	62.774	9	12	-88.1482	157.926
12517	18	0	201	4	33.2778	61.5427	0	19	-87.346	153.902
-1367328995814	18	2	55	2	11.7222	15.5064	2	22	-18.6703	42.1147
18936	18	0	292	9	23.9444	67.7395	1	9	-108.825	156.714
3965	18	0	165	0	12.3889	40.4579	0	0	-66.9086	91.6863
-1367329558670	18	5	223	5	21	51.6584	5	5	-80.2504	122.25
-1367329654977	18	5	220	8	33.6111	68.657	8	8	-100.957	168.179
-1367329772381	18	3	249	3	19.2778	57.6784	3	7	-93.7719	132.327
-1367329901695	19	2	204	6	27.9474	54.7514	6	21	-79.3654	135.26
-1367330057533	18	1	216	1	26.1667	60.6109	1	3	-92.6306	144.964
13572	18	0	172	8.5	24.1111	42.5964	0	17	-59.3779	107.6
