#var	n	min	max	median	mean	stdev	q1	q3	-95%	+95%
-1367314363311	18	4	222	8	25.5556	51.1172	4	20	-74.6341	125.745
-1367314450712	18	4	202	12	28.6667	51.8176	4	31	-72.8957	130.229
-1367314556414	18	1	170	2.5	34.5556	63.7829	1	36	-90.459	159.57
-1367314647802	18	2	271	5	46.4444	90.1399	2	15	-130.23	223.119
-1367314734385	18	3	227	3	44	79.5147	3	10	-111.849	199.849
-1367314954430	19	7	238	7	37.6842	64.6341	7	14	-88.9985	164.367
9194	18	0	146	0	13.6667	33.8995	0	17	-52.7764	80.1097
-1367315185790	18	3	183	3	13	42.4264	3	3	-70.1558	96.1558
-1367315355740	18	1	165	2	34.2778	62.3367	1	6	-87.9021	156.458
-1367315469331	18	1	234	6	30.1667	60.9515	6	19	-89.2983	149.632
-1367315587493	18	6	236	9	46.5556	77.8303	7	14	-105.992	199.103
-1367315766210	18	6	291	6	36.5	84.3287	6	15	-128.784	201.784
11701	18	0	66	14	15.2778	17.9372	0	26	-19.8791	50.4346
-1367315982306	18	5	131	5	35.2778	46.7519	5	76	-56.356	126.912
-1367316125566	18	3	25	3	6.94444	5.76472	3	11	-4.35441	18.2433
-1367316246408	18	6	270	9	50.6667	79.0703	9	97	-104.311	205.645
-1367316344186	18	2	234	2	19.9444	55.8848	2	2	-89.5898	129.479
-1367316526930	18	10	176	22	31	38.5181	10	31	-44.4956	106.496
-1367316715384	18	4	45	8.5	16.2778	14.356	4	31	-11.86	44.4155
-1367316857026	18	4	210	11.5	39.4444	67.1243	4	15	-92.1192	171.008
-1367316951591	18	2	175	2	30.5	54.9762	2	16	-77.2533	138.253
-1367317093642	18	1	212	11	51.8333	74.2803	1	58	-93.756	197.423
-1367317196241	18	6	227	7	27.3333	58.4194	6	11	-87.1686	141.835
17467	18	0	232	7.5	29.1111	63.5997	5	13	-95.5444	153.767
-1367317516977	18	4	194	8	19.8333	44.0538	4	15	-66.5121	106.179
-1367317663192	18	6	247	15.5	55.7222	84.058	6	33	-109.031	220.476
-1367317790845	19	3	333	3	57.4737	94.4936	3	102	-127.734	242.681
-1367318037931	18	8	284	21	43.8889	70.8112	8	38	-94.901	182.679
-1367318119267	18	20	238	20	45.5	69.3917	20	29	-90.5077	181.508
-1367318237869	18	4	208	9	21.5	46.907	6	18	-70.4377	113.438
-1367318565501	18	322	322	322	322	0	322	322	322	322
-1367318688511	18	3	208	3	14.7778	48.25	3	3	-79.7923	109.348
-1367318769982	18	1	100	1	18.7222	28.3483	1	45	-36.8404	74.2848
-1367318896380	18	9	61	22	31.2778	17.3504	22	41	-2.72898	65.2845
-1367319018807	18	7	48	16	14.8889	9.96989	7	16	-4.65209	34.4299
-1367319408272	18	7	254	7	48.1667	91.7293	7	17	-131.623	227.956
-1367319518904	18	3	242	4	37.6667	73.961	3	4	-107.297	182.63
-1367319808862	18	278	278	278	278	0	278	278	278	278
-1367319981148	18	1	199	3	28.6111	57.2868	1	3	-83.6711	140.893
-1367320106912	18	3	247	16	43.6111	59.3714	12	80	-72.7567	159.979
-1367320309872	18	5	178	10	39.2222	58.033	5	38	-74.5225	152.967
-1367320465327	19	5	265	40	77.3158	85.0869	21	158	-89.4546	244.086
-1367320949144	18	11	158	11	39.7222	46.07	11	77	-50.575	130.019
-1367321284875	18	9	241	16	30.5	53.6122	9	24	-74.5799	135.58
-1367321412541	18	4	211	13	27.5556	51.3629	4	25	-73.1157	128.227
-1367321555039	18	1	277	2	21.6667	64.6265	2	2	-105.001	148.335
-1367321632206	18	3	207	6	45	63.2149	6	102	-78.9011	168.901
-1367321715222	18	2	229	32	70.4444	87.4416	2	141	-100.941	241.83
-1367321922172	18	1	242	6	26.0556	62.0867	6	6	-95.6344	147.746
-1367322039538	18	4	222	4	30.9444	70.4527	4	4	-107.143	169.032
5142	18	0	224	0	26.3333	72.1314	0	0	-115.044	167.711
-1367322276514	18	329	329	329	329	0	329	329	329	329
-1367322345016	19	4	205	12	46.8421	72.6623	4	46	-95.576	189.26
-1367322531375	18	6	272	12	36.3333	66.9636	9	21	-94.9152	167.582
-1367322804756	18	1	237	3	26.1667	58.2401	3	9	-87.984	140.317
-1367322947333	18	6	205	13	42.8333	55.954	9	52	-66.8366	152.503
-1367323062353	18	1	246	4	43.2222	85.655	4	4	-124.661	211.106
-1367323215974	18	15	193	15	45	57.1139	15	44	-66.9433	156.943
17859	18	0	315	21	40.3333	70.1243	21	30	-97.1102	177.777
7758	18	0	43	0	4.11111	10.386	0	4	-16.2455	24.4677
14875	18	0	91	18.5	30.2778	27.6742	0	57	-23.9636	84.5191
-1367324079616	18	2	64	4	8.61111	14.589	4	4	-19.9834	37.2056
-1367324184686	18	4	275	4.5	40.0556	82.6171	4	5	-121.874	201.985
-1367324348807	18	5	53	6	13.6111	15.949	5	14	-17.6488	44.8711
-1367324458017	18	1	172	3	42.9444	71.2687	3	25	-96.7423	182.631
-1367324543089	18	3	60	3	13.3333	20.1085	3	3	-26.0794	52.7461
4661	18	0	251	0	17.5556	59.2137	0	0	-98.5033	133.614
-1367324924082	18	5	162	20.5	38.1111	49.2663	5	46	-58.4507	134.673
-1367325020188	18	3	214	6	29.6667	52.0475	3	35	-72.3464	131.68
-1367325168117	18	6	72	7	16.4444	19.4912	6	20	-21.7584	54.6473
3743	18	0	55	0	3.77778	13.1442	0	0	-21.9849	29.5405
-1367325326671	18	5	234	10	37.5	60.3073	8	44	-80.7023	155.702
-1367325521073	18	1	265	1	20.8889	62.1203	1	1	-100.867	142.645
-1367325641402	18	2	74	2	18.7778	28.77	2	46	-37.6114	75.167
-1367325903371	18	1	121	1	22.8333	45.7901	1	2	-66.9153	112.582
-1367325990287	19	2	303	2	37.8421	82.239	2	34	-123.346	199.031
-1367326079106	18	5	188	6	17.6667	43.0185	6	6	-66.6495	101.983
-1367326270507	18	2	53	2	7.94444	13.045	2	6	-17.6238	33.5127
-1367326384677	18	2	162	2	17.7778	41.4439	2	2	-63.4522	99.0078
6796	18	0	64	0	11.6111	21.4151	0	21	-30.3624	53.5846
10692	18	0	177	1.5	27.7778	51.6693	0	22	-73.494	129.05
-1367326923708	18	298	298	298	298	0	298	298	298	298
-1367327285255	18	3	56	6.5	12.8333	15.6928	3	9	-17.9246	43.5913
-1367327357359	18	13	250	15.5	41.0556	61.8589	13	18	-80.1879	162.299
-1367327471141	18	6	192	6	27.6111	57.6298	6	7	-85.3433	140.566
-1367327616312	18	9	179	9	36.6111	62.5094	9	9	-85.9074	159.13
6541	18	0	178	0	23.8333	56.3824	0	2	-86.6761	134.343
-1367327916102	18	3	234	3	15.9444	54.4215	3	3	-90.7217	122.611
-1367328021191	18	2	184	2	24.6111	47.6928	2	24	-68.8668	118.089
3592	18	0	198	0	15.1667	48.9228	0	0	-80.722	111.055
10497	18	0	247	2.5	21	58.8488	0	6	-94.3436	136.344
-1367328557121	18	2	128	16	23.6111	31.2431	2	25	-37.6254	84.8477
14914	18	0	28	1	5.38889	7.44501	0	9	-9.20332	19.9811
17566	18	0	240	7	39.0556	76.5687	7	14	-111.019	189.13
3603	18	0	62	0	5.11111	15.8556	0	0	-25.9658	36.188
-1367329538115	18	1	250	1	25	66.1816	1	6	-104.716	154.716
-1367329634401	18	2	145	2	12.8889	35.2502	2	2	-56.2015	81.9792
-1367329749497	18	1	222	6	42	71.1411	5	26	-97.4366	181.437
-1367329881778	18	10	259	10	43.3333	71.2452	10	16	-96.3073	182.974
-1367330038361	18	5	229	7.5	33.6111	71.625	7	8	-106.774	173.996
-1367330115250	18	6	216	6	26.8889	50.041	6	42	-71.1915	124.969
