#var	n	min	max	median	mean	stdev	q1	q3	-95%	+95%
-1367314363311	100	-1.36733e+12	17859	-1.36732e+12	-1.13488e+12	5.16198e+11	-1.36732e+12	-1.36732e+12	-2.14663e+12	-1.23128e+11
222.0	100	25	333	209	192.33	77.687	160	244	40.0634	344.597
50.0	100	3	329	124.5	124.45	82.5135	51.5	175	-37.2764	286.176
50.0	100	0	329	53	83.52	77.448	24.5	136	-68.2781	235.318
24.0	100	0	329	31	55.54	67.8915	15	74	-77.5274	188.607
20.0	100	0	329	16.5	36.44	62.5389	6	37	-86.1363	159.016
20.0	100	0	329	11	29.3	61.8739	4	25.5	-91.9728	150.573
10.0	100	0	329	9	23.72	59.3114	4	17.5	-92.5303	139.97
8.0	100	0	329	7	21.2	59.4113	3	13.5	-95.2461	137.646
8.0	100	0	329	6	20.35	59.4317	3	12.5	-96.1362	136.836
8.0	100	0	329	5.5	18.77	59.599	2	10	-98.044	135.584
8.0	100	0	329	5	18.04	59.612	2	9	-98.7996	134.88
8.0	100	0	329	5	17.45	59.6914	2	7.5	-99.5451	134.445
4.0	100	0	329	4	17.25	59.7274	2	7	-99.8157	134.316
4.0	100	0	329	4	16.89	59.7814	2	7	-100.282	134.062
4.0	100	0	329	4	16.65	59.8262	1.5	6	-100.609	133.909
4.0	100	0	329	3	16.48	59.8622	1	6	-100.85	133.81
4.0	100	0	329	3	15.88	59.9323	1	6	-101.587	133.347
4.0	100	0	329	3	15.73	59.9422	1	6	-101.757	133.217
