#var	n	min	max	median	mean	stdev	q1	q3	-95%	+95%
-1367314419004	100	-1.36733e+12	46863	-1.36732e+12	-7.38354e+11	6.84903e+11	-1.36732e+12	18753	-2.08076e+12	6.04056e+11
243.0	100	169	391	265	272.43	44.1467	247	295.5	185.902	358.958
216.0	100	26	369	213	210.69	65.4947	181	244.5	82.3205	339.06
26.0	100	8	369	151.5	147.48	91.3472	55.5	206	-31.5605	326.521
26.0	100	4	369	65	103.35	95.345	31	151	-83.5263	290.226
26.0	100	0	369	39	78.12	94.489	20.5	82.5	-107.078	263.318
26.0	100	0	369	22	63.78	97.2759	11	44.5	-126.881	254.441
24.0	100	0	369	13	55.45	98.7009	7	35	-138.004	248.904
9.0	100	0	369	9.5	51.75	99.5726	5	27	-143.412	246.912
4.0	100	0	369	8.5	49.84	100.134	4	18.5	-146.423	246.103
4.0	100	0	369	7	47.92	100.819	3	13.5	-149.685	245.525
4.0	100	0	369	6	47.17	101.098	2	11.5	-150.983	245.323
4.0	100	0	369	4	46.27	101.452	2	9.5	-152.575	245.115
2.0	100	0	369	4	45.91	101.573	2	9	-153.173	244.993
1.0	100	0	369	3	45.42	101.768	1	8	-154.045	244.885
1.0	100	0	369	3	44.9	101.959	1	7	-154.939	244.739
1.0	100	0	369	3	44.71	102.035	1	6.5	-155.278	244.698
1.0	100	0	369	2.5	44.56	102.081	1	6.5	-155.519	244.639
1.0	100	0	369	2	44.38	102.154	1	6	-155.842	244.602
