-1367314363311	222.0	50.0	50.0	24.0	20.0	20.0	10.0	8.0	8.0	8.0	8.0	8.0	4.0	4.0	4.0	4.0	4.0	4.0
-1367314450712	202.0	126.0	31.0	31.0	31.0	12.0	12.0	12.0	12.0	12.0	5.0	5.0	5.0	4.0	4.0	4.0	4.0	4.0
-1367314556414	170.0	170.0	170.0	51.0	36.0	3.0	3.0	3.0	3.0	2.0	2.0	2.0	2.0	1.0	1.0	1.0	1.0	1.0
-1367314647802	271.0	271.0	153.0	79.0	15.0	5.0	5.0	5.0	5.0	5.0	5.0	5.0	2.0	2.0	2.0	2.0	2.0	2.0
-1367314734385	227.0	200.0	200.0	102.0	10.0	10.0	10.0	3.0	3.0	3.0	3.0	3.0	3.0	3.0	3.0	3.0	3.0	3.0
-1367314954430	238.0	122.0	122.0	122.0	14.0	7.0	7.0	7.0	7.0	7.0	7.0	7.0	7.0	7.0	7.0	7.0	7.0	7.0	7.0
9194	146.0	17.0	17.0	17.0	17.0	17.0	11.0	4.0	0.0	0.0	0.0	0.0	0.0	0.0	0.0	0.0	0.0	0.0
-1367315185790	183.0	3.0	3.0	3.0	3.0	3.0	3.0	3.0	3.0	3.0	3.0	3.0	3.0	3.0	3.0	3.0	3.0	3.0
-1367315355740	165.0	162.0	142.0	116.0	6.0	6.0	4.0	4.0	2.0	2.0	1.0	1.0	1.0	1.0	1.0	1.0	1.0	1.0
-1367315469331	234.0	147.0	38.0	19.0	19.0	19.0	19.0	8.0	6.0	6.0	6.0	6.0	6.0	6.0	1.0	1.0	1.0	1.0
-1367315587493	236.0	199.0	199.0	76.0	14.0	14.0	14.0	14.0	9.0	9.0	9.0	7.0	7.0	7.0	6.0	6.0	6.0	6.0
-1367315766210	291.0	243.0	15.0	15.0	15.0	6.0	6.0	6.0	6.0	6.0	6.0	6.0	6.0	6.0	6.0	6.0	6.0	6.0
11701	66.0	26.0	26.0	26.0	26.0	26.0	26.0	25.0	25.0	3.0	0.0	0.0	0.0	0.0	0.0	0.0	0.0	0.0
-1367315982306	131.0	107.0	107.0	107.0	76.0	44.0	8.0	5.0	5.0	5.0	5.0	5.0	5.0	5.0	5.0	5.0	5.0	5.0
-1367316125566	25.0	11.0	11.0	11.0	11.0	11.0	8.0	7.0	3.0	3.0	3.0	3.0	3.0	3.0	3.0	3.0	3.0	3.0
-1367316246408	270.0	200.0	136.0	104.0	97.0	9.0	9.0	9.0	9.0	9.0	9.0	9.0	9.0	9.0	6.0	6.0	6.0	6.0
-1367316344186	234.0	69.0	26.0	2.0	2.0	2.0	2.0	2.0	2.0	2.0	2.0	2.0	2.0	2.0	2.0	2.0	2.0	2.0
-1367316526930	176.0	48.0	48.0	32.0	31.0	31.0	31.0	31.0	31.0	13.0	13.0	13.0	10.0	10.0	10.0	10.0	10.0	10.0
-1367316715384	45.0	31.0	31.0	31.0	31.0	31.0	31.0	13.0	13.0	4.0	4.0	4.0	4.0	4.0	4.0	4.0	4.0	4.0
-1367316857026	210.0	170.0	170.0	36.0	15.0	15.0	15.0	14.0	14.0	9.0	9.0	9.0	4.0	4.0	4.0	4.0	4.0	4.0
-1367316951591	175.0	159.0	84.0	68.0	16.0	9.0	9.0	9.0	2.0	2.0	2.0	2.0	2.0	2.0	2.0	2.0	2.0	2.0
-1367317093642	212.0	172.0	172.0	172.0	58.0	48.0	48.0	11.0	11.0	11.0	11.0	1.0	1.0	1.0	1.0	1.0	1.0	1.0
-1367317196241	227.0	137.0	17.0	11.0	11.0	11.0	8.0	8.0	8.0	6.0	6.0	6.0	6.0	6.0	6.0	6.0	6.0	6.0
17467	232.0	170.0	16.0	15.0	13.0	13.0	10.0	10.0	10.0	5.0	5.0	5.0	5.0	5.0	5.0	5.0	0.0	0.0
-1367317516977	194.0	31.0	15.0	15.0	15.0	15.0	12.0	12.0	12.0	4.0	4.0	4.0	4.0	4.0	4.0	4.0	4.0	4.0
-1367317663192	247.0	239.0	180.0	147.0	33.0	28.0	23.0	23.0	23.0	8.0	8.0	8.0	6.0	6.0	6.0	6.0	6.0	6.0
-1367317790845	333.0	205.0	205.0	115.0	102.0	58.0	38.0	3.0	3.0	3.0	3.0	3.0	3.0	3.0	3.0	3.0	3.0	3.0	3.0
-1367318037931	284.0	167.0	69.0	40.0	38.0	26.0	26.0	21.0	21.0	21.0	21.0	8.0	8.0	8.0	8.0	8.0	8.0	8.0
-1367318119267	238.0	234.0	29.0	29.0	29.0	20.0	20.0	20.0	20.0	20.0	20.0	20.0	20.0	20.0	20.0	20.0	20.0	20.0
-1367318237869	208.0	18.0	18.0	18.0	18.0	18.0	17.0	12.0	12.0	6.0	6.0	6.0	6.0	6.0	6.0	4.0	4.0	4.0
-1367318565501	322.0	322.0	322.0	322.0	322.0	322.0	322.0	322.0	322.0	322.0	322.0	322.0	322.0	322.0	322.0	322.0	322.0	322.0
-1367318688511	208.0	10.0	3.0	3.0	3.0	3.0	3.0	3.0	3.0	3.0	3.0	3.0	3.0	3.0	3.0	3.0	3.0	3.0
-1367318769982	100.0	52.0	45.0	45.0	45.0	34.0	5.0	1.0	1.0	1.0	1.0	1.0	1.0	1.0	1.0	1.0	1.0	1.0
-1367318896380	61.0	61.0	61.0	61.0	41.0	29.0	22.0	22.0	22.0	22.0	22.0	22.0	22.0	22.0	22.0	22.0	20.0	9.0
-1367319018807	48.0	27.0	16.0	16.0	16.0	16.0	16.0	16.0	16.0	16.0	16.0	7.0	7.0	7.0	7.0	7.0	7.0	7.0
-1367319408272	254.0	244.0	244.0	17.0	17.0	7.0	7.0	7.0	7.0	7.0	7.0	7.0	7.0	7.0	7.0	7.0	7.0	7.0
-1367319518904	242.0	201.0	127.0	57.0	4.0	4.0	4.0	4.0	4.0	4.0	4.0	4.0	4.0	3.0	3.0	3.0	3.0	3.0
-1367319808862	278.0	278.0	278.0	278.0	278.0	278.0	278.0	278.0	278.0	278.0	278.0	278.0	278.0	278.0	278.0	278.0	278.0	278.0
-1367319981148	199.0	123.0	115.0	50.0	3.0	3.0	3.0	3.0	3.0	3.0	3.0	1.0	1.0	1.0	1.0	1.0	1.0	1.0
-1367320106912	247.0	80.0	80.0	80.0	80.0	71.0	32.0	16.0	16.0	16.0	13.0	13.0	12.0	12.0	8.0	3.0	3.0	3.0
-1367320309872	178.0	136.0	136.0	118.0	38.0	15.0	10.0	10.0	10.0	10.0	10.0	5.0	5.0	5.0	5.0	5.0	5.0	5.0
-1367320465327	265.0	251.0	158.0	158.0	158.0	158.0	55.0	41.0	40.0	40.0	25.0	21.0	21.0	21.0	21.0	21.0	5.0	5.0	5.0
-1367320949144	158.0	112.0	95.0	95.0	77.0	33.0	24.0	11.0	11.0	11.0	11.0	11.0	11.0	11.0	11.0	11.0	11.0	11.0
-1367321284875	241.0	55.0	24.0	24.0	24.0	24.0	16.0	16.0	16.0	16.0	16.0	16.0	16.0	9.0	9.0	9.0	9.0	9.0
-1367321412541	211.0	105.0	25.0	25.0	25.0	15.0	13.0	13.0	13.0	13.0	7.0	7.0	4.0	4.0	4.0	4.0	4.0	4.0
-1367321555039	277.0	34.0	34.0	19.0	2.0	2.0	2.0	2.0	2.0	2.0	2.0	2.0	2.0	2.0	2.0	2.0	1.0	1.0
-1367321632206	207.0	136.0	125.0	117.0	102.0	54.0	6.0	6.0	6.0	6.0	6.0	6.0	6.0	6.0	6.0	6.0	6.0	3.0
-1367321715222	229.0	211.0	211.0	184.0	141.0	141.0	32.0	32.0	32.0	32.0	9.0	2.0	2.0	2.0	2.0	2.0	2.0	2.0
-1367321922172	242.0	136.0	16.0	6.0	6.0	6.0	6.0	6.0	6.0	6.0	6.0	6.0	6.0	6.0	6.0	1.0	1.0	1.0
-1367322039538	222.0	222.0	53.0	4.0	4.0	4.0	4.0	4.0	4.0	4.0	4.0	4.0	4.0	4.0	4.0	4.0	4.0	4.0
5142	224.0	224.0	24.0	2.0	0.0	0.0	0.0	0.0	0.0	0.0	0.0	0.0	0.0	0.0	0.0	0.0	0.0	0.0
-1367322276514	329.0	329.0	329.0	329.0	329.0	329.0	329.0	329.0	329.0	329.0	329.0	329.0	329.0	329.0	329.0	329.0	329.0	329.0
-1367322345016	205.0	204.0	204.0	82.0	46.0	38.0	15.0	12.0	12.0	12.0	12.0	12.0	12.0	4.0	4.0	4.0	4.0	4.0	4.0
-1367322531375	272.0	142.0	57.0	21.0	21.0	17.0	17.0	17.0	12.0	12.0	9.0	9.0	9.0	9.0	9.0	9.0	6.0	6.0
-1367322804756	237.0	103.0	38.0	38.0	9.0	9.0	9.0	3.0	3.0	3.0	3.0	3.0	3.0	3.0	3.0	2.0	1.0	1.0
-1367322947333	205.0	148.0	86.0	86.0	52.0	43.0	36.0	29.0	17.0	9.0	9.0	9.0	9.0	9.0	6.0	6.0	6.0	6.0
-1367323062353	246.0	246.0	185.0	54.0	4.0	4.0	4.0	4.0	4.0	4.0	4.0	4.0	4.0	4.0	4.0	1.0	1.0	1.0
-1367323215974	193.0	145.0	145.0	88.0	44.0	15.0	15.0	15.0	15.0	15.0	15.0	15.0	15.0	15.0	15.0	15.0	15.0	15.0
17859	315.0	72.0	30.0	30.0	30.0	30.0	30.0	21.0	21.0	21.0	21.0	21.0	21.0	21.0	21.0	21.0	0.0	0.0
7758	43.0	15.0	4.0	4.0	4.0	4.0	0.0	0.0	0.0	0.0	0.0	0.0	0.0	0.0	0.0	0.0	0.0	0.0
14875	91.0	57.0	57.0	57.0	57.0	57.0	43.0	41.0	21.0	16.0	16.0	16.0	16.0	0.0	0.0	0.0	0.0	0.0
-1367324079616	64.0	18.0	18.0	4.0	4.0	4.0	4.0	4.0	4.0	4.0	4.0	4.0	4.0	4.0	4.0	3.0	2.0	2.0
-1367324184686	275.0	203.0	166.0	16.0	5.0	5.0	5.0	5.0	5.0	4.0	4.0	4.0	4.0	4.0	4.0	4.0	4.0	4.0
-1367324348807	53.0	53.0	32.0	20.0	14.0	7.0	7.0	7.0	7.0	5.0	5.0	5.0	5.0	5.0	5.0	5.0	5.0	5.0
-1367324458017	172.0	172.0	172.0	172.0	25.0	18.0	10.0	10.0	3.0	3.0	3.0	3.0	3.0	3.0	1.0	1.0	1.0	1.0
-1367324543089	60.0	46.0	46.0	46.0	3.0	3.0	3.0	3.0	3.0	3.0	3.0	3.0	3.0	3.0	3.0	3.0	3.0	3.0
4661	251.0	37.0	28.0	0.0	0.0	0.0	0.0	0.0	0.0	0.0	0.0	0.0	0.0	0.0	0.0	0.0	0.0	0.0
-1367324924082	162.0	162.0	69.0	46.0	46.0	40.0	40.0	40.0	27.0	14.0	5.0	5.0	5.0	5.0	5.0	5.0	5.0	5.0
-1367325020188	214.0	86.0	68.0	35.0	35.0	35.0	13.0	6.0	6.0	6.0	6.0	6.0	3.0	3.0	3.0	3.0	3.0	3.0
-1367325168117	72.0	63.0	20.0	20.0	20.0	20.0	11.0	8.0	8.0	6.0	6.0	6.0	6.0	6.0	6.0	6.0	6.0	6.0
3743	55.0	13.0	0.0	0.0	0.0	0.0	0.0	0.0	0.0	0.0	0.0	0.0	0.0	0.0	0.0	0.0	0.0	0.0
-1367325326671	234.0	114.0	114.0	59.0	44.0	11.0	11.0	10.0	10.0	10.0	8.0	8.0	8.0	8.0	8.0	8.0	5.0	5.0
-1367325521073	265.0	36.0	36.0	25.0	1.0	1.0	1.0	1.0	1.0	1.0	1.0	1.0	1.0	1.0	1.0	1.0	1.0	1.0
-1367325641402	74.0	73.0	73.0	46.0	46.0	2.0	2.0	2.0	2.0	2.0	2.0	2.0	2.0	2.0	2.0	2.0	2.0	2.0
-1367325903371	121.0	121.0	121.0	33.0	2.0	1.0	1.0	1.0	1.0	1.0	1.0	1.0	1.0	1.0	1.0	1.0	1.0	1.0
-1367325990287	303.0	220.0	61.0	61.0	34.0	5.0	5.0	5.0	5.0	2.0	2.0	2.0	2.0	2.0	2.0	2.0	2.0	2.0	2.0
-1367326079106	188.0	34.0	7.0	6.0	6.0	6.0	6.0	6.0	6.0	6.0	6.0	6.0	6.0	6.0	6.0	6.0	6.0	5.0
-1367326270507	53.0	22.0	18.0	18.0	6.0	2.0	2.0	2.0	2.0	2.0	2.0	2.0	2.0	2.0	2.0	2.0	2.0	2.0
-1367326384677	162.0	78.0	50.0	2.0	2.0	2.0	2.0	2.0	2.0	2.0	2.0	2.0	2.0	2.0	2.0	2.0	2.0	2.0
6796	64.0	51.0	51.0	22.0	21.0	0.0	0.0	0.0	0.0	0.0	0.0	0.0	0.0	0.0	0.0	0.0	0.0	0.0
10692	177.0	138.0	80.0	32.0	22.0	22.0	22.0	4.0	3.0	0.0	0.0	0.0	0.0	0.0	0.0	0.0	0.0	0.0
-1367326923708	298.0	298.0	298.0	298.0	298.0	298.0	298.0	298.0	298.0	298.0	298.0	298.0	298.0	298.0	298.0	298.0	298.0	298.0
-1367327285255	56.0	37.0	37.0	28.0	9.0	9.0	9.0	9.0	9.0	4.0	3.0	3.0	3.0	3.0	3.0	3.0	3.0	3.0
-1367327357359	250.0	138.0	85.0	59.0	18.0	18.0	18.0	18.0	18.0	13.0	13.0	13.0	13.0	13.0	13.0	13.0	13.0	13.0
-1367327471141	192.0	178.0	32.0	9.0	7.0	7.0	6.0	6.0	6.0	6.0	6.0	6.0	6.0	6.0	6.0	6.0	6.0	6.0
-1367327616312	179.0	169.0	169.0	16.0	9.0	9.0	9.0	9.0	9.0	9.0	9.0	9.0	9.0	9.0	9.0	9.0	9.0	9.0
6541	178.0	157.0	89.0	3.0	2.0	0.0	0.0	0.0	0.0	0.0	0.0	0.0	0.0	0.0	0.0	0.0	0.0	0.0
-1367327916102	234.0	5.0	3.0	3.0	3.0	3.0	3.0	3.0	3.0	3.0	3.0	3.0	3.0	3.0	3.0	3.0	3.0	3.0
-1367328021191	184.0	109.0	44.0	24.0	24.0	24.0	11.0	3.0	2.0	2.0	2.0	2.0	2.0	2.0	2.0	2.0	2.0	2.0
3592	198.0	75.0	0.0	0.0	0.0	0.0	0.0	0.0	0.0	0.0	0.0	0.0	0.0	0.0	0.0	0.0	0.0	0.0
10497	247.0	72.0	15.0	15.0	6.0	6.0	6.0	6.0	5.0	0.0	0.0	0.0	0.0	0.0	0.0	0.0	0.0	0.0
-1367328557121	128.0	53.0	53.0	40.0	25.0	25.0	23.0	23.0	23.0	9.0	9.0	2.0	2.0	2.0	2.0	2.0	2.0	2.0
14914	28.0	12.0	12.0	12.0	9.0	9.0	9.0	1.0	1.0	1.0	1.0	1.0	1.0	0.0	0.0	0.0	0.0	0.0
17566	240.0	240.0	103.0	20.0	14.0	14.0	9.0	7.0	7.0	7.0	7.0	7.0	7.0	7.0	7.0	7.0	0.0	0.0
3603	62.0	30.0	0.0	0.0	0.0	0.0	0.0	0.0	0.0	0.0	0.0	0.0	0.0	0.0	0.0	0.0	0.0	0.0
-1367329538115	250.0	150.0	25.0	6.0	6.0	1.0	1.0	1.0	1.0	1.0	1.0	1.0	1.0	1.0	1.0	1.0	1.0	1.0
-1367329634401	145.0	55.0	2.0	2.0	2.0	2.0	2.0	2.0	2.0	2.0	2.0	2.0	2.0	2.0	2.0	2.0	2.0	2.0
-1367329749497	222.0	150.0	150.0	150.0	26.0	7.0	6.0	6.0	6.0	6.0	6.0	6.0	6.0	5.0	1.0	1.0	1.0	1.0
-1367329881778	259.0	165.0	138.0	72.0	16.0	10.0	10.0	10.0	10.0	10.0	10.0	10.0	10.0	10.0	10.0	10.0	10.0	10.0
-1367330038361	229.0	229.0	44.0	8.0	8.0	8.0	8.0	8.0	8.0	7.0	7.0	7.0	7.0	7.0	5.0	5.0	5.0	5.0
-1367330115250	216.0	48.0	46.0	46.0	42.0	14.0	6.0	6.0	6.0	6.0	6.0	6.0	6.0	6.0	6.0	6.0	6.0	6.0
