-1367314419004	243.0	216.0	26.0	26.0	26.0	26.0	24.0	9.0	4.0	4.0	4.0	4.0	2.0	1.0	1.0	1.0	1.0	1.0	1.0
-1367314545712	258.0	244.0	42.0	37.0	37.0	16.0	16.0	16.0	16.0	16.0	16.0	16.0	16.0	16.0	16.0	16.0	16.0	16.0
10152	265.0	219.0	201.0	42.0	42.0	42.0	22.0	4.0	3.0	0.0	0.0	0.0	0.0	0.0	0.0	0.0	0.0	0.0	0.0
30334	241.0	180.0	144.0	96.0	57.0	21.0	18.0	17.0	16.0	16.0	16.0	2.0	2.0	2.0	2.0	2.0	2.0	2.0	2.0
-1367314924222	241.0	92.0	36.0	26.0	21.0	6.0	6.0	6.0	6.0	6.0	2.0	2.0	2.0	2.0	2.0	2.0	2.0	2.0
-1367315029062	288.0	149.0	149.0	149.0	81.0	73.0	23.0	19.0	19.0	19.0	19.0	19.0	19.0	19.0	3.0	3.0	3.0	3.0	3.0
30517	265.0	225.0	120.0	36.0	36.0	36.0	36.0	31.0	6.0	4.0	4.0	4.0	4.0	4.0	4.0	4.0	4.0	2.0
-1367315323138	278.0	69.0	45.0	27.0	6.0	6.0	6.0	6.0	6.0	6.0	6.0	6.0	6.0	6.0	3.0	2.0	1.0	1.0
-1367315425875	294.0	244.0	66.0	66.0	39.0	22.0	3.0	3.0	3.0	3.0	3.0	3.0	3.0	3.0	3.0	3.0	3.0	3.0
16098	326.0	246.0	240.0	194.0	120.0	35.0	13.0	10.0	10.0	10.0	10.0	6.0	6.0	6.0	2.0	0.0	0.0	0.0	0.0
-1	369.0	369.0	369.0	369.0	369.0	369.0	369.0	369.0	369.0	369.0	369.0	369.0	369.0	369.0	369.0	369.0	369.0	369.0
-1367315863507	207.0	143.0	8.0	8.0	8.0	8.0	8.0	8.0	8.0	8.0	7.0	1.0	1.0	1.0	1.0	1.0	1.0	1.0	1.0
-1367315944648	258.0	229.0	50.0	22.0	4.0	1.0	1.0	1.0	1.0	1.0	1.0	1.0	1.0	1.0	1.0	1.0	1.0	1.0
-1367316089017	285.0	231.0	212.0	141.0	39.0	21.0	12.0	8.0	8.0	8.0	4.0	2.0	2.0	2.0	2.0	2.0	2.0	2.0
36140	282.0	165.0	140.0	130.0	73.0	41.0	41.0	8.0	8.0	8.0	8.0	8.0	1.0	1.0	1.0	1.0	1.0	1.0	1.0
-1367316297634	252.0	208.0	79.0	62.0	37.0	16.0	11.0	11.0	11.0	11.0	6.0	5.0	5.0	5.0	5.0	5.0	5.0	5.0	5.0
22113	251.0	213.0	207.0	60.0	29.0	15.0	4.0	4.0	4.0	4.0	4.0	4.0	4.0	4.0	4.0	4.0	4.0	4.0
-1367316672472	250.0	194.0	158.0	40.0	26.0	26.0	26.0	13.0	9.0	7.0	2.0	2.0	2.0	2.0	2.0	2.0	2.0	2.0	2.0
-1367316853090	300.0	246.0	246.0	246.0	246.0	246.0	246.0	246.0	246.0	246.0	246.0	246.0	246.0	246.0	246.0	246.0	246.0	246.0
-1367316948789	270.0	270.0	270.0	270.0	270.0	270.0	270.0	270.0	270.0	270.0	270.0	270.0	270.0	270.0	270.0	270.0	270.0	270.0
45113	389.0	244.0	231.0	183.0	84.0	81.0	81.0	41.0	17.0	9.0	9.0	9.0	9.0	9.0	9.0	8.0	8.0	8.0
-1367317151563	323.0	282.0	245.0	83.0	69.0	69.0	69.0	43.0	43.0	9.0	9.0	9.0	9.0	9.0	9.0	9.0	9.0	9.0	9.0
35833	244.0	212.0	51.0	51.0	51.0	36.0	19.0	6.0	6.0	6.0	6.0	1.0	1.0	1.0	1.0	1.0	1.0	1.0
46863	261.0	177.0	164.0	79.0	66.0	35.0	18.0	18.0	18.0	4.0	4.0	4.0	4.0	4.0	3.0	3.0	3.0	3.0	3.0
-1367317607393	297.0	287.0	228.0	188.0	54.0	22.0	20.0	20.0	12.0	1.0	1.0	1.0	1.0	1.0	1.0	1.0	1.0	1.0
-1367317746434	285.0	246.0	236.0	55.0	27.0	27.0	16.0	9.0	9.0	9.0	1.0	1.0	1.0	1.0	1.0	1.0	1.0	1.0
-1367318001047	296.0	172.0	107.0	86.0	37.0	29.0	8.0	5.0	5.0	5.0	5.0	5.0	5.0	5.0	5.0	5.0	5.0	5.0
-1367318114408	287.0	225.0	224.0	224.0	224.0	224.0	224.0	224.0	224.0	224.0	224.0	224.0	224.0	224.0	224.0	224.0	224.0	224.0
-1	349.0	349.0	349.0	349.0	349.0	349.0	349.0	349.0	349.0	349.0	349.0	349.0	349.0	349.0	349.0	349.0	349.0	349.0
22470	218.0	166.0	131.0	129.0	129.0	47.0	46.0	46.0	30.0	23.0	11.0	11.0	4.0	4.0	3.0	3.0	3.0	3.0	3.0
28465	243.0	193.0	147.0	34.0	34.0	34.0	34.0	34.0	11.0	7.0	6.0	6.0	3.0	3.0	3.0	3.0	3.0	3.0	3.0
-1367318767447	270.0	270.0	270.0	270.0	270.0	270.0	270.0	270.0	270.0	270.0	270.0	270.0	270.0	270.0	270.0	270.0	270.0	270.0
-1367318849998	254.0	202.0	202.0	108.0	100.0	100.0	78.0	25.0	25.0	24.0	6.0	6.0	6.0	3.0	2.0	2.0	2.0	2.0	2.0
19027	224.0	182.0	59.0	17.0	14.0	14.0	14.0	14.0	14.0	14.0	10.0	3.0	3.0	3.0	3.0	3.0	3.0	3.0	0.0
-1367319397965	169.0	55.0	11.0	11.0	11.0	11.0	11.0	11.0	11.0	11.0	11.0	11.0	11.0	11.0	11.0	11.0	11.0	11.0
23417	276.0	228.0	196.0	196.0	47.0	36.0	11.0	11.0	11.0	1.0	1.0	1.0	1.0	1.0	1.0	1.0	1.0	1.0	1.0
27300	290.0	240.0	196.0	59.0	44.0	38.0	14.0	5.0	2.0	2.0	2.0	2.0	2.0	2.0	2.0	2.0	2.0	2.0
-1367319928377	386.0	319.0	271.0	197.0	140.0	112.0	42.0	26.0	19.0	19.0	19.0	19.0	19.0	19.0	7.0	3.0	3.0	3.0	3.0
-1367320102631	281.0	280.0	280.0	280.0	280.0	280.0	280.0	280.0	280.0	280.0	280.0	280.0	280.0	280.0	280.0	280.0	280.0	280.0
-1367320252039	391.0	306.0	248.0	202.0	185.0	155.0	45.0	34.0	27.0	27.0	26.0	24.0	14.0	2.0	2.0	2.0	2.0	2.0	2.0
21032	315.0	220.0	59.0	36.0	27.0	15.0	13.0	7.0	7.0	7.0	7.0	7.0	7.0	7.0	7.0	7.0	7.0	7.0	5.0
30338	391.0	284.0	252.0	219.0	59.0	43.0	31.0	31.0	31.0	31.0	31.0	30.0	25.0	25.0	25.0	25.0	16.0	16.0	15.0
-1367321242078	296.0	277.0	194.0	45.0	19.0	19.0	19.0	18.0	13.0	13.0	13.0	2.0	2.0	2.0	2.0	2.0	2.0	2.0	2.0
-1367321372876	257.0	207.0	171.0	73.0	20.0	4.0	4.0	4.0	4.0	4.0	4.0	4.0	2.0	2.0	2.0	2.0	2.0	2.0	2.0
32154	310.0	264.0	249.0	233.0	46.0	11.0	8.0	8.0	8.0	8.0	8.0	8.0	8.0	8.0	8.0	8.0	8.0	6.0	6.0
-1367321628483	291.0	245.0	245.0	245.0	245.0	245.0	245.0	245.0	245.0	245.0	245.0	245.0	245.0	245.0	245.0	245.0	245.0	245.0
-1367321712938	351.0	351.0	351.0	351.0	351.0	351.0	351.0	351.0	351.0	351.0	351.0	351.0	351.0	351.0	351.0	351.0	351.0	351.0
-1367321919525	315.0	315.0	315.0	315.0	315.0	315.0	315.0	315.0	315.0	315.0	315.0	315.0	315.0	315.0	315.0	315.0	315.0	315.0
10594	259.0	211.0	157.0	151.0	147.0	97.0	56.0	42.0	10.0	0.0	0.0	0.0	0.0	0.0	0.0	0.0	0.0	0.0	0.0
-1367322116770	227.0	194.0	35.0	17.0	16.0	13.0	8.0	8.0	8.0	8.0	8.0	7.0	7.0	7.0	7.0	7.0	7.0	7.0	7.0
-1367322239823	263.0	187.0	160.0	31.0	16.0	16.0	16.0	6.0	6.0	6.0	6.0	4.0	4.0	4.0	4.0	4.0	4.0	4.0
-1	340.0	340.0	340.0	340.0	340.0	340.0	340.0	340.0	340.0	340.0	340.0	340.0	340.0	340.0	340.0	340.0	340.0	340.0
-1367322491200	243.0	183.0	55.0	44.0	44.0	3.0	3.0	3.0	3.0	3.0	3.0	3.0	3.0	3.0	3.0	3.0	3.0	3.0
10774	204.0	170.0	137.0	95.0	81.0	32.0	26.0	15.0	14.0	0.0	0.0	0.0	0.0	0.0	0.0	0.0	0.0	0.0
-1367322913914	297.0	249.0	169.0	100.0	72.0	27.0	17.0	17.0	17.0	13.0	12.0	2.0	2.0	2.0	2.0	2.0	2.0	2.0	2.0
21974	379.0	231.0	188.0	180.0	38.0	14.0	9.0	8.0	8.0	8.0	8.0	8.0	8.0	8.0	6.0	6.0	5.0	5.0	5.0
7892	275.0	275.0	186.0	65.0	39.0	5.0	0.0	0.0	0.0	0.0	0.0	0.0	0.0	0.0	0.0	0.0	0.0	0.0
14635	287.0	214.0	177.0	52.0	34.0	20.0	8.0	8.0	8.0	3.0	3.0	3.0	3.0	0.0	0.0	0.0	0.0	0.0	0.0
7399	256.0	216.0	154.0	65.0	29.0	8.0	0.0	0.0	0.0	0.0	0.0	0.0	0.0	0.0	0.0	0.0	0.0	0.0	0.0
-1367323957680	273.0	68.0	40.0	40.0	40.0	40.0	40.0	40.0	40.0	40.0	40.0	40.0	40.0	40.0	40.0	40.0	40.0	40.0
16597	266.0	203.0	69.0	69.0	48.0	22.0	13.0	13.0	10.0	10.0	9.0	9.0	9.0	9.0	9.0	0.0	0.0	0.0	0.0
14811	213.0	152.0	41.0	4.0	4.0	4.0	4.0	4.0	1.0	1.0	1.0	1.0	1.0	0.0	0.0	0.0	0.0	0.0
-1367324316190	248.0	193.0	81.0	16.0	15.0	15.0	13.0	7.0	5.0	4.0	4.0	1.0	1.0	1.0	1.0	1.0	1.0	1.0	1.0
-1367324422203	247.0	192.0	55.0	39.0	31.0	17.0	17.0	6.0	6.0	6.0	6.0	6.0	6.0	5.0	4.0	4.0	4.0	4.0	4.0
-1367324503972	257.0	246.0	77.0	77.0	77.0	43.0	7.0	7.0	6.0	6.0	6.0	4.0	4.0	1.0	1.0	1.0	1.0	1.0
25720	239.0	95.0	33.0	5.0	4.0	4.0	4.0	3.0	3.0	3.0	3.0	3.0	3.0	2.0	2.0	2.0	2.0	2.0	2.0
21155	240.0	26.0	13.0	11.0	11.0	11.0	11.0	11.0	11.0	11.0	11.0	6.0	6.0	6.0	6.0	6.0	6.0	6.0
-1367324987937	261.0	210.0	146.0	26.0	9.0	9.0	9.0	9.0	8.0	8.0	8.0	8.0	8.0	1.0	1.0	1.0	1.0	1.0	1.0
31297	232.0	142.0	49.0	49.0	49.0	10.0	5.0	5.0	4.0	4.0	4.0	4.0	4.0	4.0	4.0	4.0	4.0	1.0	1.0
-1367325211815	258.0	211.0	162.0	122.0	120.0	120.0	120.0	120.0	120.0	120.0	120.0	120.0	120.0	120.0	120.0	120.0	120.0	120.0
-1367325324143	311.0	311.0	311.0	311.0	311.0	311.0	311.0	311.0	311.0	311.0	311.0	311.0	311.0	311.0	311.0	311.0	311.0	311.0
13305	254.0	190.0	47.0	18.0	4.0	4.0	4.0	1.0	1.0	1.0	1.0	1.0	0.0	0.0	0.0	0.0	0.0	0.0	0.0
-1367325597237	215.0	193.0	56.0	25.0	25.0	25.0	25.0	25.0	25.0	9.0	6.0	3.0	3.0	3.0	3.0	3.0	3.0	3.0	3.0
-1367325866124	247.0	234.0	205.0	85.0	21.0	15.0	12.0	12.0	12.0	12.0	12.0	10.0	10.0	5.0	5.0	5.0	5.0	3.0	3.0
-1367325944074	306.0	210.0	182.0	142.0	71.0	41.0	11.0	4.0	4.0	2.0	2.0	2.0	2.0	2.0	2.0	2.0	2.0	2.0
12031	338.0	280.0	195.0	151.0	102.0	46.0	17.0	17.0	10.0	4.0	1.0	0.0	0.0	0.0	0.0	0.0	0.0	0.0
6895	254.0	220.0	111.0	19.0	15.0	0.0	0.0	0.0	0.0	0.0	0.0	0.0	0.0	0.0	0.0	0.0	0.0	0.0
10995	303.0	184.0	35.0	11.0	11.0	11.0	11.0	11.0	11.0	0.0	0.0	0.0	0.0	0.0	0.0	0.0	0.0	0.0
20125	295.0	226.0	46.0	14.0	11.0	11.0	11.0	11.0	11.0	11.0	11.0	4.0	4.0	3.0	3.0	3.0	3.0	3.0
-1367326699912	210.0	184.0	184.0	50.0	5.0	5.0	4.0	4.0	4.0	4.0	4.0	4.0	4.0	4.0	1.0	1.0	1.0	1.0
18777	227.0	168.0	120.0	115.0	103.0	23.0	5.0	3.0	3.0	3.0	3.0	3.0	3.0	2.0	2.0	2.0	2.0	0.0	0.0
19653	247.0	213.0	78.0	45.0	21.0	7.0	7.0	6.0	5.0	4.0	1.0	1.0	1.0	1.0	1.0	1.0	1.0	1.0
-1367327325728	250.0	214.0	42.0	20.0	5.0	4.0	4.0	1.0	1.0	1.0	1.0	1.0	1.0	1.0	1.0	1.0	1.0	1.0	1.0
-1367327433234	251.0	211.0	211.0	31.0	29.0	29.0	10.0	8.0	8.0	8.0	8.0	8.0	8.0	8.0	8.0	8.0	8.0	7.0	7.0
-1367327582162	272.0	232.0	175.0	136.0	91.0	25.0	11.0	6.0	6.0	6.0	6.0	6.0	6.0	6.0	6.0	6.0	6.0	2.0	2.0
7996	239.0	235.0	194.0	159.0	44.0	5.0	0.0	0.0	0.0	0.0	0.0	0.0	0.0	0.0	0.0	0.0	0.0	0.0
-1367327887286	184.0	40.0	37.0	28.0	15.0	15.0	7.0	7.0	7.0	7.0	7.0	7.0	7.0	3.0	3.0	3.0	3.0	3.0
32027	259.0	178.0	52.0	30.0	15.0	15.0	6.0	1.0	1.0	1.0	1.0	1.0	1.0	1.0	1.0	1.0	1.0	1.0	1.0
-1367328067602	260.0	213.0	185.0	33.0	33.0	12.0	7.0	7.0	4.0	4.0	4.0	4.0	4.0	3.0	3.0	3.0	3.0	3.0
5771	265.0	227.0	69.0	19.0	0.0	0.0	0.0	0.0	0.0	0.0	0.0	0.0	0.0	0.0	0.0	0.0	0.0	0.0
-1367328525370	286.0	226.0	49.0	29.0	29.0	29.0	17.0	14.0	11.0	5.0	5.0	5.0	5.0	5.0	5.0	3.0	3.0	3.0
15867	214.0	91.0	91.0	12.0	3.0	3.0	3.0	3.0	3.0	3.0	3.0	3.0	3.0	3.0	0.0	0.0	0.0	0.0
-1367329046403	246.0	191.0	26.0	26.0	26.0	21.0	21.0	20.0	11.0	11.0	11.0	11.0	11.0	5.0	5.0	5.0	1.0	1.0	1.0
7798	248.0	232.0	187.0	81.0	22.0	6.0	0.0	0.0	0.0	0.0	0.0	0.0	0.0	0.0	0.0	0.0	0.0	0.0	0.0
-1367329535594	297.0	297.0	297.0	297.0	297.0	297.0	297.0	297.0	297.0	297.0	297.0	297.0	297.0	297.0	297.0	297.0	297.0	297.0
18729	297.0	171.0	46.0	31.0	31.0	20.0	10.0	2.0	2.0	2.0	2.0	2.0	2.0	2.0	2.0	2.0	2.0	0.0
23295	270.0	176.0	121.0	85.0	71.0	62.0	29.0	28.0	28.0	9.0	9.0	8.0	7.0	7.0	2.0	2.0	2.0	2.0
-1367329846701	241.0	69.0	38.0	35.0	27.0	23.0	13.0	4.0	4.0	3.0	2.0	2.0	2.0	2.0	2.0	2.0	2.0	2.0
19268	207.0	153.0	61.0	51.0	5.0	3.0	2.0	2.0	2.0	2.0	2.0	2.0	2.0	2.0	2.0	2.0	2.0	2.0
-1367330109627	270.0	198.0	192.0	192.0	192.0	192.0	192.0	192.0	192.0	192.0	192.0	192.0	192.0	192.0	192.0	192.0	192.0	192.0
-1367330314082	277.0	160.0	117.0	117.0	76.0	6.0	6.0	6.0	6.0	6.0	6.0	6.0	6.0	6.0	6.0	6.0	6.0	6.0
