-1367314396384	68.0	28.0	28.0	28.0	10.0	7.0	7.0	7.0	7.0	7.0	7.0	7.0	6.0	6.0	5.0	5.0	5.0	5.0
23808	260.0	125.0	34.0	16.0	16.0	16.0	16.0	15.0	14.0	10.0	10.0	10.0	9.0	9.0	9.0	9.0	9.0	6.0	6.0
-1367314606235	299.0	299.0	299.0	299.0	299.0	299.0	299.0	299.0	299.0	299.0	299.0	299.0	299.0	299.0	299.0	299.0	299.0	299.0
-1367314693888	367.0	367.0	367.0	367.0	367.0	367.0	367.0	367.0	367.0	367.0	367.0	367.0	367.0	367.0	367.0	367.0	367.0	367.0
10352	201.0	200.0	42.0	14.0	3.0	3.0	3.0	3.0	3.0	0.0	0.0	0.0	0.0	0.0	0.0	0.0	0.0	0.0
4334	265.0	23.0	6.0	0.0	0.0	0.0	0.0	0.0	0.0	0.0	0.0	0.0	0.0	0.0	0.0	0.0	0.0	0.0
-1367315108461	302.0	302.0	302.0	302.0	302.0	302.0	302.0	302.0	302.0	302.0	302.0	302.0	302.0	302.0	302.0	302.0	302.0	302.0
24749	239.0	143.0	46.0	35.0	4.0	4.0	4.0	4.0	4.0	4.0	4.0	4.0	4.0	4.0	4.0	4.0	4.0	4.0	4.0
-1367315397290	229.0	151.0	2.0	1.0	1.0	1.0	1.0	1.0	1.0	1.0	1.0	1.0	1.0	1.0	1.0	1.0	1.0	1.0
24438	251.0	202.0	91.0	83.0	59.0	38.0	36.0	13.0	10.0	10.0	10.0	7.0	3.0	3.0	3.0	3.0	3.0	3.0
-1367315736163	227.0	77.0	34.0	23.0	13.0	8.0	8.0	8.0	8.0	6.0	6.0	6.0	6.0	6.0	2.0	2.0	2.0	2.0
18481	238.0	232.0	186.0	43.0	24.0	3.0	2.0	2.0	2.0	2.0	2.0	2.0	2.0	2.0	2.0	1.0	1.0	0.0
-1367315941309	271.0	231.0	231.0	231.0	231.0	231.0	231.0	231.0	231.0	231.0	231.0	231.0	231.0	231.0	231.0	231.0	231.0	231.0
31684	259.0	259.0	37.0	37.0	37.0	28.0	13.0	13.0	13.0	12.0	12.0	4.0	4.0	4.0	4.0	4.0	4.0	3.0
-1367316170797	277.0	33.0	13.0	13.0	13.0	9.0	9.0	9.0	9.0	4.0	4.0	4.0	3.0	3.0	3.0	3.0	1.0	1.0
-1367316295172	375.0	375.0	375.0	375.0	375.0	375.0	375.0	375.0	375.0	375.0	375.0	375.0	375.0	375.0	375.0	375.0	375.0	375.0
6567	153.0	95.0	63.0	31.0	7.0	0.0	0.0	0.0	0.0	0.0	0.0	0.0	0.0	0.0	0.0	0.0	0.0	0.0	0.0
-1367316643310	259.0	137.0	50.0	15.0	15.0	15.0	15.0	15.0	15.0	15.0	5.0	5.0	5.0	3.0	2.0	2.0	2.0	1.0
8937	174.0	174.0	59.0	18.0	18.0	6.0	6.0	0.0	0.0	0.0	0.0	0.0	0.0	0.0	0.0	0.0	0.0	0.0
7272	260.0	222.0	164.0	111.0	47.0	2.0	0.0	0.0	0.0	0.0	0.0	0.0	0.0	0.0	0.0	0.0	0.0	0.0
9532	233.0	28.0	28.0	28.0	12.0	11.0	10.0	10.0	0.0	0.0	0.0	0.0	0.0	0.0	0.0	0.0	0.0	0.0
-1367317146962	272.0	245.0	244.0	244.0	244.0	244.0	244.0	244.0	244.0	244.0	244.0	244.0	244.0	244.0	244.0	244.0	244.0	244.0
7011	258.0	169.0	138.0	31.0	9.0	1.0	0.0	0.0	0.0	0.0	0.0	0.0	0.0	0.0	0.0	0.0	0.0	0.0	0.0
13319	272.0	68.0	26.0	13.0	13.0	9.0	3.0	3.0	3.0	3.0	3.0	3.0	0.0	0.0	0.0	0.0	0.0	0.0
-1367317568090	311.0	204.0	34.0	11.0	4.0	4.0	4.0	4.0	4.0	4.0	4.0	4.0	4.0	4.0	1.0	1.0	1.0	1.0	1.0
-1367317714540	213.0	213.0	37.0	37.0	34.0	34.0	19.0	10.0	10.0	10.0	10.0	7.0	4.0	3.0	3.0	3.0	3.0	3.0
-1367317969336	192.0	138.0	56.0	56.0	52.0	16.0	16.0	7.0	7.0	1.0	1.0	1.0	1.0	1.0	1.0	1.0	1.0	1.0
-1367318081369	230.0	174.0	158.0	50.0	14.0	14.0	8.0	8.0	3.0	3.0	3.0	3.0	3.0	2.0	2.0	2.0	2.0	2.0
-1367318204773	248.0	202.0	64.0	9.0	5.0	5.0	5.0	5.0	4.0	4.0	4.0	4.0	4.0	4.0	4.0	4.0	4.0	2.0
-1367318354409	228.0	207.0	52.0	43.0	43.0	30.0	9.0	9.0	3.0	3.0	3.0	2.0	2.0	2.0	2.0	2.0	2.0	1.0
20802	257.0	24.0	11.0	9.0	9.0	9.0	9.0	9.0	9.0	9.0	9.0	9.0	3.0	3.0	3.0	3.0	3.0	3.0
10171	236.0	191.0	23.0	23.0	23.0	13.0	9.0	5.0	3.0	0.0	0.0	0.0	0.0	0.0	0.0	0.0	0.0	0.0
-1367318821127	186.0	45.0	12.0	11.0	11.0	11.0	11.0	10.0	10.0	10.0	10.0	1.0	1.0	1.0	1.0	1.0	1.0	1.0
20305	186.0	83.0	46.0	28.0	16.0	14.0	14.0	11.0	11.0	8.0	5.0	5.0	5.0	5.0	5.0	2.0	2.0	1.0	1.0
23523	201.0	72.0	26.0	14.0	7.0	7.0	7.0	7.0	7.0	2.0	2.0	2.0	2.0	2.0	2.0	2.0	2.0	2.0	2.0
-1367319448850	189.0	189.0	52.0	17.0	17.0	4.0	1.0	1.0	1.0	1.0	1.0	1.0	1.0	1.0	1.0	1.0	1.0	1.0	1.0
-1367319564505	300.0	216.0	216.0	216.0	216.0	216.0	216.0	216.0	216.0	216.0	216.0	216.0	216.0	216.0	216.0	216.0	216.0	216.0
43271	344.0	255.0	182.0	37.0	19.0	19.0	15.0	10.0	10.0	10.0	10.0	9.0	3.0	3.0	3.0	3.0	3.0	3.0
-1367320069990	244.0	187.0	130.0	53.0	11.0	11.0	11.0	11.0	11.0	11.0	10.0	10.0	8.0	7.0	7.0	7.0	7.0	7.0	7.0
-1367320210434	270.0	232.0	211.0	198.0	122.0	67.0	63.0	28.0	19.0	17.0	16.0	4.0	4.0	4.0	4.0	4.0	4.0	4.0	4.0
-1367320369078	307.0	248.0	166.0	134.0	103.0	92.0	36.0	36.0	36.0	20.0	20.0	20.0	20.0	20.0	20.0	20.0	20.0	16.0
33589	307.0	200.0	198.0	49.0	16.0	10.0	10.0	10.0	10.0	10.0	10.0	10.0	10.0	10.0	10.0	7.0	7.0	7.0	7.0
-1367321211582	248.0	71.0	23.0	6.0	6.0	6.0	6.0	6.0	6.0	6.0	6.0	6.0	4.0	4.0	4.0	4.0	4.0	4.0
22636	239.0	239.0	67.0	62.0	62.0	51.0	32.0	4.0	4.0	2.0	2.0	2.0	2.0	2.0	2.0	2.0	2.0	2.0	2.0
-1367321464004	186.0	148.0	71.0	71.0	56.0	36.0	31.0	6.0	6.0	6.0	6.0	4.0	4.0	4.0	4.0	4.0	4.0	4.0
-1367321599943	179.0	128.0	69.0	69.0	40.0	40.0	36.0	14.0	14.0	14.0	14.0	14.0	12.0	9.0	9.0	9.0	7.0	7.0	7.0
-1367321678932	244.0	224.0	218.0	166.0	73.0	19.0	5.0	5.0	4.0	4.0	4.0	4.0	4.0	4.0	2.0	2.0	2.0	2.0
6846	206.0	44.0	23.0	23.0	23.0	0.0	0.0	0.0	0.0	0.0	0.0	0.0	0.0	0.0	0.0	0.0	0.0	0.0
-1367321969170	202.0	54.0	40.0	33.0	33.0	33.0	33.0	31.0	31.0	31.0	13.0	10.0	5.0	5.0	5.0	5.0	5.0	5.0	5.0
25576	235.0	216.0	176.0	153.0	118.0	35.0	18.0	18.0	16.0	10.0	5.0	5.0	3.0	3.0	3.0	3.0	3.0	3.0	3.0
-1367322208724	204.0	151.0	71.0	39.0	38.0	4.0	2.0	2.0	2.0	2.0	2.0	2.0	2.0	2.0	2.0	2.0	2.0	2.0
17356	288.0	187.0	155.0	67.0	53.0	23.0	10.0	10.0	10.0	10.0	1.0	1.0	1.0	1.0	1.0	1.0	0.0	0.0
7939	238.0	69.0	47.0	24.0	7.0	7.0	0.0	0.0	0.0	0.0	0.0	0.0	0.0	0.0	0.0	0.0	0.0	0.0
12760	188.0	47.0	28.0	28.0	28.0	3.0	2.0	2.0	2.0	2.0	2.0	0.0	0.0	0.0	0.0	0.0	0.0	0.0	0.0
-1367322888087	192.0	44.0	27.0	27.0	13.0	13.0	13.0	13.0	3.0	3.0	2.0	2.0	2.0	2.0	2.0	2.0	2.0	2.0
12932	172.0	162.0	28.0	15.0	15.0	15.0	15.0	15.0	15.0	4.0	4.0	0.0	0.0	0.0	0.0	0.0	0.0	0.0
19643	216.0	79.0	19.0	4.0	3.0	3.0	3.0	3.0	3.0	3.0	1.0	1.0	1.0	1.0	1.0	1.0	1.0	1.0	0.0
-1367323242220	226.0	207.0	170.0	153.0	32.0	15.0	8.0	8.0	5.0	1.0	1.0	1.0	1.0	1.0	1.0	1.0	1.0	1.0
-1367323380658	270.0	229.0	195.0	52.0	46.0	5.0	2.0	2.0	2.0	2.0	2.0	2.0	2.0	2.0	2.0	2.0	2.0	2.0	2.0
-1367323930206	219.0	45.0	45.0	28.0	28.0	24.0	4.0	4.0	4.0	4.0	3.0	3.0	3.0	3.0	3.0	3.0	3.0	3.0	3.0
-1367324004263	215.0	81.0	58.0	25.0	17.0	17.0	17.0	17.0	17.0	17.0	17.0	17.0	17.0	17.0	17.0	17.0	17.0	17.0
-1367324120211	184.0	38.0	25.0	25.0	5.0	4.0	4.0	4.0	4.0	4.0	4.0	4.0	4.0	4.0	4.0	4.0	2.0	2.0
12475	190.0	120.0	92.0	16.0	2.0	2.0	2.0	2.0	1.0	1.0	1.0	0.0	0.0	0.0	0.0	0.0	0.0	0.0
-1367324394260	228.0	138.0	68.0	68.0	46.0	18.0	13.0	13.0	13.0	13.0	13.0	13.0	1.0	1.0	1.0	1.0	1.0	1.0	1.0
-1367324501721	266.0	266.0	266.0	266.0	266.0	266.0	266.0	266.0	266.0	266.0	266.0	266.0	266.0	266.0	266.0	266.0	266.0	266.0
11434	230.0	39.0	39.0	39.0	36.0	12.0	12.0	12.0	10.0	10.0	0.0	0.0	0.0	0.0	0.0	0.0	0.0	0.0	0.0
14059	167.0	133.0	133.0	70.0	23.0	20.0	18.0	6.0	5.0	5.0	5.0	5.0	3.0	0.0	0.0	0.0	0.0	0.0
-1367324961663	178.0	41.0	15.0	15.0	7.0	1.0	1.0	1.0	1.0	1.0	1.0	1.0	1.0	1.0	1.0	1.0	1.0	1.0
-1367325063356	215.0	170.0	131.0	50.0	38.0	26.0	11.0	11.0	11.0	10.0	10.0	10.0	10.0	10.0	8.0	8.0	8.0	8.0
-1367325209549	299.0	299.0	299.0	299.0	299.0	299.0	299.0	299.0	299.0	299.0	299.0	299.0	299.0	299.0	299.0	299.0	299.0	299.0
10436	197.0	165.0	30.0	7.0	4.0	2.0	2.0	2.0	2.0	0.0	0.0	0.0	0.0	0.0	0.0	0.0	0.0	0.0
-1367325426717	219.0	43.0	43.0	28.0	6.0	1.0	1.0	1.0	1.0	1.0	1.0	1.0	1.0	1.0	1.0	1.0	1.0	1.0
28392	207.0	183.0	46.0	39.0	39.0	22.0	16.0	16.0	4.0	4.0	4.0	4.0	4.0	4.0	4.0	4.0	4.0	4.0	4.0
-1367325834681	256.0	224.0	29.0	12.0	12.0	12.0	6.0	6.0	6.0	6.0	6.0	6.0	6.0	6.0	3.0	3.0	3.0	3.0	3.0
-1367325941628	301.0	301.0	301.0	301.0	301.0	301.0	301.0	301.0	301.0	301.0	301.0	301.0	301.0	301.0	301.0	301.0	301.0	301.0
-1	415.0	415.0	415.0	415.0	415.0	415.0	415.0	415.0	415.0	415.0	415.0	415.0	415.0	415.0	415.0	415.0	415.0	415.0
-1367326123808	262.0	199.0	112.0	53.0	53.0	48.0	12.0	12.0	7.0	7.0	7.0	7.0	6.0	6.0	1.0	1.0	1.0	1.0
-1367326309735	210.0	35.0	14.0	1.0	1.0	1.0	1.0	1.0	1.0	1.0	1.0	1.0	1.0	1.0	1.0	1.0	1.0	1.0
-1367326426498	202.0	187.0	135.0	36.0	5.0	2.0	2.0	2.0	2.0	2.0	2.0	2.0	2.0	2.0	2.0	2.0	2.0	2.0	2.0
-1367326674059	183.0	153.0	21.0	2.0	2.0	2.0	2.0	2.0	2.0	2.0	2.0	2.0	2.0	2.0	2.0	2.0	2.0	2.0
-1367326842134	66.0	35.0	5.0	5.0	5.0	5.0	5.0	5.0	5.0	5.0	5.0	5.0	5.0	3.0	3.0	3.0	3.0	3.0
-1367326951214	231.0	44.0	26.0	26.0	26.0	26.0	26.0	26.0	12.0	7.0	5.0	5.0	5.0	2.0	2.0	2.0	2.0	2.0
-1367327323495	255.0	255.0	255.0	255.0	255.0	255.0	255.0	255.0	255.0	255.0	255.0	255.0	255.0	255.0	255.0	255.0	255.0	255.0
-1367327407445	197.0	127.0	41.0	17.0	11.0	4.0	4.0	4.0	4.0	4.0	4.0	4.0	4.0	4.0	4.0	4.0	4.0	4.0
4766	192.0	44.0	20.0	0.0	0.0	0.0	0.0	0.0	0.0	0.0	0.0	0.0	0.0	0.0	0.0	0.0	0.0	0.0
13278	251.0	40.0	26.0	7.0	7.0	7.0	3.0	1.0	1.0	1.0	1.0	1.0	0.0	0.0	0.0	0.0	0.0	0.0
8690	202.0	163.0	28.0	25.0	15.0	14.0	5.0	0.0	0.0	0.0	0.0	0.0	0.0	0.0	0.0	0.0	0.0	0.0	0.0
10361	216.0	56.0	29.0	29.0	29.0	29.0	4.0	2.0	2.0	0.0	0.0	0.0	0.0	0.0	0.0	0.0	0.0	0.0	0.0
-1367328065276	294.0	294.0	294.0	294.0	294.0	294.0	294.0	294.0	294.0	294.0	294.0	294.0	294.0	294.0	294.0	294.0	294.0	294.0
9777	242.0	229.0	46.0	12.0	2.0	2.0	2.0	2.0	0.0	0.0	0.0	0.0	0.0	0.0	0.0	0.0	0.0	0.0
11415	137.0	137.0	32.0	32.0	27.0	22.0	22.0	12.0	12.0	7.0	0.0	0.0	0.0	0.0	0.0	0.0	0.0	0.0
23411	216.0	180.0	65.0	46.0	2.0	2.0	2.0	2.0	2.0	2.0	2.0	2.0	2.0	2.0	2.0	2.0	2.0	2.0
21933	213.0	37.0	15.0	9.0	9.0	9.0	9.0	9.0	9.0	9.0	3.0	3.0	3.0	3.0	3.0	3.0	3.0	3.0	3.0
-1367329180472	59.0	17.0	17.0	17.0	17.0	3.0	3.0	3.0	3.0	3.0	3.0	3.0	1.0	1.0	1.0	1.0	1.0	1.0
-1367329511735	257.0	61.0	46.0	25.0	25.0	25.0	25.0	15.0	6.0	5.0	5.0	5.0	5.0	5.0	5.0	5.0	3.0	3.0
-1367329566817	206.0	206.0	148.0	71.0	15.0	15.0	9.0	9.0	9.0	5.0	2.0	2.0	2.0	2.0	2.0	2.0	2.0	2.0
-1367329679899	242.0	214.0	178.0	81.0	39.0	32.0	2.0	2.0	2.0	2.0	2.0	2.0	2.0	2.0	2.0	2.0	2.0	2.0
11034	280.0	192.0	142.0	42.0	27.0	27.0	16.0	11.0	4.0	4.0	0.0	0.0	0.0	0.0	0.0	0.0	0.0	0.0
11356	194.0	19.0	19.0	19.0	19.0	6.0	6.0	6.0	6.0	5.0	0.0	0.0	0.0	0.0	0.0	0.0	0.0	0.0
-1367330079753	256.0	206.0	53.0	51.0	15.0	10.0	10.0	9.0	9.0	4.0	2.0	2.0	2.0	2.0	2.0	2.0	2.0	2.0
25605	227.0	117.0	61.0	10.0	8.0	8.0	8.0	2.0	2.0	2.0	2.0	2.0	2.0	2.0	2.0	2.0	2.0	2.0
