-1367314377240	83.0	76.0	29.0	29.0	6.0	6.0	4.0	4.0	3.0	3.0	1.0	1.0	1.0	1.0	1.0	1.0	1.0	1.0
-1367314469828	213.0	106.0	50.0	19.0	19.0	12.0	12.0	12.0	11.0	5.0	3.0	3.0	3.0	2.0	2.0	2.0	1.0	1.0
-1367314580419	277.0	207.0	68.0	55.0	13.0	13.0	13.0	13.0	13.0	13.0	13.0	13.0	9.0	9.0	8.0	8.0	8.0	8.0
-1367314668535	176.0	73.0	44.0	43.0	30.0	20.0	13.0	13.0	3.0	3.0	3.0	3.0	3.0	3.0	3.0	3.0	3.0	3.0	3.0
-1367314753648	181.0	131.0	85.0	58.0	58.0	44.0	22.0	22.0	21.0	8.0	8.0	5.0	5.0	5.0	5.0	5.0	1.0	1.0
-1367314976665	193.0	40.0	14.0	4.0	4.0	4.0	3.0	3.0	3.0	3.0	3.0	3.0	3.0	3.0	3.0	3.0	3.0	3.0
-1367315085390	186.0	110.0	38.0	20.0	4.0	4.0	4.0	4.0	4.0	4.0	4.0	4.0	4.0	4.0	4.0	4.0	4.0	4.0
-1367315206274	180.0	65.0	4.0	4.0	4.0	4.0	4.0	4.0	4.0	4.0	4.0	4.0	4.0	1.0	1.0	1.0	1.0	1.0
5959	240.0	196.0	158.0	86.0	0.0	0.0	0.0	0.0	0.0	0.0	0.0	0.0	0.0	0.0	0.0	0.0	0.0	0.0
-1367315490155	253.0	180.0	180.0	55.0	25.0	25.0	23.0	16.0	8.0	8.0	8.0	8.0	6.0	6.0	6.0	6.0	6.0	6.0
4635	76.0	74.0	56.0	0.0	0.0	0.0	0.0	0.0	0.0	0.0	0.0	0.0	0.0	0.0	0.0	0.0	0.0	0.0
12454	192.0	171.0	35.0	25.0	10.0	1.0	1.0	1.0	1.0	1.0	1.0	0.0	0.0	0.0	0.0	0.0	0.0	0.0
-1367315918033	197.0	188.0	187.0	35.0	10.0	10.0	4.0	1.0	1.0	1.0	1.0	1.0	1.0	1.0	1.0	1.0	1.0	1.0
-1367315999690	211.0	180.0	67.0	28.0	28.0	5.0	1.0	1.0	1.0	1.0	1.0	1.0	1.0	1.0	1.0	1.0	1.0	1.0	1.0
-1367316146214	182.0	166.0	43.0	38.0	38.0	38.0	27.0	23.0	9.0	9.0	9.0	9.0	9.0	2.0	2.0	2.0	2.0	1.0
-1367316269092	232.0	194.0	36.0	18.0	1.0	1.0	1.0	1.0	1.0	1.0	1.0	1.0	1.0	1.0	1.0	1.0	1.0	1.0
-1367316364606	281.0	43.0	20.0	17.0	17.0	17.0	17.0	17.0	12.0	1.0	1.0	1.0	1.0	1.0	1.0	1.0	1.0	1.0	1.0
6163	218.0	36.0	23.0	23.0	1.0	0.0	0.0	0.0	0.0	0.0	0.0	0.0	0.0	0.0	0.0	0.0	0.0	0.0
-1367316735158	181.0	168.0	129.0	73.0	23.0	23.0	7.0	7.0	6.0	6.0	6.0	6.0	6.0	4.0	4.0	4.0	2.0	2.0	2.0
-1367316881517	239.0	158.0	147.0	31.0	17.0	9.0	9.0	3.0	3.0	3.0	3.0	3.0	3.0	3.0	3.0	3.0	3.0	3.0
-1367316975723	229.0	226.0	56.0	15.0	3.0	3.0	3.0	3.0	3.0	3.0	3.0	3.0	3.0	3.0	3.0	3.0	3.0	3.0
-1367317119553	217.0	23.0	22.0	22.0	22.0	22.0	22.0	11.0	9.0	9.0	4.0	4.0	4.0	4.0	4.0	2.0	2.0	2.0
-1367317217575	251.0	215.0	72.0	3.0	3.0	3.0	3.0	3.0	3.0	3.0	3.0	3.0	3.0	3.0	3.0	3.0	3.0	3.0	3.0
-1367317374997	200.0	53.0	53.0	3.0	3.0	3.0	3.0	3.0	3.0	3.0	3.0	3.0	3.0	3.0	3.0	3.0	3.0	3.0
-1367317538562	252.0	202.0	110.0	40.0	29.0	25.0	17.0	1.0	1.0	1.0	1.0	1.0	1.0	1.0	1.0	1.0	1.0	1.0
-1367317685204	204.0	58.0	27.0	27.0	20.0	15.0	15.0	15.0	12.0	12.0	12.0	12.0	9.0	9.0	7.0	4.0	4.0	4.0
5661	252.0	35.0	8.0	2.0	0.0	0.0	0.0	0.0	0.0	0.0	0.0	0.0	0.0	0.0	0.0	0.0	0.0	0.0	0.0
-1367318057060	166.0	126.0	89.0	19.0	19.0	19.0	15.0	15.0	15.0	15.0	15.0	15.0	15.0	9.0	9.0	2.0	2.0	2.0
4659	184.0	149.0	26.0	0.0	0.0	0.0	0.0	0.0	0.0	0.0	0.0	0.0	0.0	0.0	0.0	0.0	0.0	0.0
13118	74.0	19.0	10.0	10.0	10.0	10.0	10.0	10.0	6.0	6.0	6.0	1.0	0.0	0.0	0.0	0.0	0.0	0.0
-1367318567563	54.0	54.0	24.0	24.0	24.0	19.0	4.0	4.0	4.0	3.0	3.0	3.0	3.0	3.0	3.0	3.0	3.0	3.0
9288	251.0	156.0	155.0	8.0	8.0	6.0	6.0	6.0	0.0	0.0	0.0	0.0	0.0	0.0	0.0	0.0	0.0	0.0
25255	64.0	17.0	16.0	16.0	16.0	16.0	11.0	11.0	7.0	7.0	7.0	7.0	7.0	6.0	5.0	5.0	5.0	4.0	4.0
-1367318920673	246.0	168.0	157.0	106.0	106.0	55.0	16.0	5.0	5.0	5.0	5.0	5.0	5.0	4.0	4.0	4.0	4.0	4.0
17055	196.0	196.0	196.0	53.0	46.0	46.0	17.0	17.0	17.0	13.0	2.0	2.0	2.0	2.0	2.0	1.0	0.0	0.0
6066	214.0	95.0	95.0	66.0	6.0	0.0	0.0	0.0	0.0	0.0	0.0	0.0	0.0	0.0	0.0	0.0	0.0	0.0
-1367319537835	200.0	97.0	60.0	16.0	11.0	11.0	11.0	11.0	11.0	11.0	11.0	11.0	11.0	11.0	11.0	11.0	11.0	11.0
-1367319812201	239.0	192.0	177.0	177.0	31.0	26.0	26.0	22.0	20.0	20.0	19.0	5.0	5.0	5.0	5.0	5.0	4.0	4.0
18204	188.0	132.0	42.0	11.0	11.0	11.0	11.0	11.0	11.0	11.0	11.0	11.0	8.0	8.0	3.0	3.0	3.0	0.0	0.0
31564	316.0	259.0	48.0	38.0	38.0	7.0	6.0	6.0	6.0	6.0	6.0	1.0	1.0	1.0	1.0	1.0	1.0	1.0	1.0
-1367320335679	275.0	202.0	30.0	8.0	4.0	4.0	4.0	4.0	4.0	4.0	3.0	1.0	1.0	1.0	1.0	1.0	1.0	1.0	1.0
-1367320491665	291.0	247.0	247.0	144.0	68.0	27.0	18.0	16.0	16.0	8.0	8.0	8.0	8.0	8.0	8.0	8.0	8.0	8.0	8.0
19714	234.0	81.0	60.0	24.0	20.0	20.0	20.0	7.0	7.0	7.0	7.0	7.0	7.0	7.0	4.0	4.0	4.0	2.0
17845	180.0	55.0	18.0	10.0	10.0	10.0	6.0	6.0	6.0	6.0	6.0	6.0	6.0	6.0	6.0	6.0	0.0	0.0	0.0
-1367321434690	58.0	45.0	23.0	23.0	23.0	23.0	23.0	5.0	5.0	5.0	5.0	5.0	5.0	5.0	5.0	5.0	5.0	5.0
-1367321575450	189.0	125.0	84.0	84.0	33.0	7.0	7.0	7.0	7.0	7.0	7.0	7.0	7.0	7.0	7.0	7.0	7.0	7.0	2.0
14485	214.0	40.0	18.0	5.0	5.0	5.0	5.0	2.0	2.0	2.0	2.0	2.0	2.0	0.0	0.0	0.0	0.0	0.0
-1367321737899	234.0	72.0	72.0	53.0	20.0	19.0	19.0	16.0	9.0	9.0	9.0	9.0	9.0	9.0	9.0	9.0	9.0	9.0	9.0
-1367321945227	259.0	62.0	61.0	10.0	8.0	3.0	3.0	2.0	2.0	1.0	1.0	1.0	1.0	1.0	1.0	1.0	1.0	1.0
-1367322063303	259.0	40.0	11.0	11.0	11.0	1.0	1.0	1.0	1.0	1.0	1.0	1.0	1.0	1.0	1.0	1.0	1.0	1.0	1.0
-1367322181078	90.0	23.0	11.0	11.0	11.0	11.0	8.0	8.0	8.0	8.0	2.0	1.0	1.0	1.0	1.0	1.0	1.0	1.0
-1367322278816	310.0	211.0	133.0	50.0	30.0	28.0	9.0	9.0	5.0	5.0	5.0	5.0	5.0	5.0	5.0	1.0	1.0	1.0
8519	203.0	171.0	43.0	26.0	26.0	24.0	10.0	0.0	0.0	0.0	0.0	0.0	0.0	0.0	0.0	0.0	0.0	0.0	0.0
4732	181.0	181.0	16.0	0.0	0.0	0.0	0.0	0.0	0.0	0.0	0.0	0.0	0.0	0.0	0.0	0.0	0.0	0.0
8690	189.0	83.0	21.0	15.0	15.0	2.0	2.0	0.0	0.0	0.0	0.0	0.0	0.0	0.0	0.0	0.0	0.0	0.0
-1367322965164	199.0	65.0	51.0	51.0	12.0	7.0	7.0	6.0	6.0	6.0	6.0	6.0	6.0	6.0	6.0	6.0	6.0	6.0	4.0
-1367323083279	168.0	119.0	34.0	17.0	17.0	17.0	4.0	4.0	4.0	4.0	4.0	4.0	4.0	4.0	4.0	4.0	4.0	4.0
-1367323235992	262.0	190.0	61.0	31.0	31.0	31.0	31.0	31.0	31.0	31.0	31.0	31.0	31.0	31.0	31.0	31.0	31.0	31.0
6181	248.0	16.0	10.0	10.0	10.0	0.0	0.0	0.0	0.0	0.0	0.0	0.0	0.0	0.0	0.0	0.0	0.0	0.0
-1367323909663	87.0	60.0	33.0	16.0	1.0	1.0	1.0	1.0	1.0	1.0	1.0	1.0	1.0	1.0	1.0	1.0	1.0	1.0
-1367323980544	213.0	166.0	124.0	32.0	30.0	30.0	16.0	3.0	3.0	3.0	3.0	3.0	3.0	3.0	3.0	3.0	3.0	3.0
4105	233.0	30.0	3.0	0.0	0.0	0.0	0.0	0.0	0.0	0.0	0.0	0.0	0.0	0.0	0.0	0.0	0.0	0.0
4569	230.0	230.0	12.0	0.0	0.0	0.0	0.0	0.0	0.0	0.0	0.0	0.0	0.0	0.0	0.0	0.0	0.0	0.0
-1367324369475	188.0	83.0	38.0	38.0	38.0	16.0	16.0	16.0	15.0	14.0	7.0	7.0	7.0	7.0	7.0	7.0	6.0	6.0
-1367324477953	206.0	153.0	89.0	29.0	6.0	2.0	2.0	2.0	1.0	1.0	1.0	1.0	1.0	1.0	1.0	1.0	1.0	1.0
20120	274.0	243.0	56.0	20.0	20.0	20.0	14.0	14.0	14.0	6.0	6.0	6.0	6.0	6.0	6.0	3.0	3.0	2.0	1.0
-1367324709177	215.0	64.0	18.0	3.0	3.0	3.0	3.0	3.0	3.0	3.0	3.0	3.0	3.0	3.0	3.0	3.0	3.0	1.0
-1367324941097	224.0	63.0	63.0	17.0	11.0	10.0	10.0	10.0	10.0	10.0	10.0	10.0	6.0	6.0	2.0	2.0	2.0	2.0
-1367325039457	214.0	51.0	46.0	46.0	40.0	22.0	22.0	20.0	19.0	10.0	10.0	10.0	10.0	10.0	10.0	6.0	6.0	6.0	6.0
-1367325187258	257.0	36.0	7.0	7.0	7.0	7.0	7.0	7.0	7.0	7.0	7.0	7.0	7.0	7.0	3.0	3.0	3.0	3.0
4922	187.0	31.0	2.0	0.0	0.0	0.0	0.0	0.0	0.0	0.0	0.0	0.0	0.0	0.0	0.0	0.0	0.0	0.0
23079	228.0	228.0	54.0	3.0	2.0	2.0	2.0	2.0	2.0	2.0	2.0	2.0	2.0	2.0	2.0	2.0	1.0	1.0
-1367325541493	249.0	188.0	40.0	36.0	2.0	2.0	2.0	2.0	2.0	2.0	2.0	2.0	2.0	2.0	2.0	2.0	2.0	2.0
15111	229.0	156.0	36.0	14.0	14.0	1.0	1.0	1.0	1.0	1.0	1.0	1.0	1.0	1.0	0.0	0.0	0.0	0.0	0.0
-1367325914419	267.0	219.0	46.0	46.0	25.0	21.0	21.0	21.0	21.0	19.0	4.0	4.0	4.0	4.0	4.0	4.0	4.0	4.0
-1367326012999	243.0	108.0	78.0	78.0	42.0	23.0	23.0	23.0	23.0	6.0	6.0	6.0	6.0	6.0	6.0	6.0	6.0	6.0
-1367326101282	242.0	40.0	17.0	5.0	5.0	5.0	5.0	5.0	5.0	5.0	5.0	5.0	5.0	5.0	5.0	5.0	5.0	5.0
17901	169.0	143.0	22.0	22.0	3.0	3.0	3.0	3.0	3.0	3.0	3.0	3.0	3.0	3.0	2.0	2.0	0.0	0.0
-1367326405090	253.0	237.0	133.0	103.0	33.0	33.0	7.0	7.0	1.0	1.0	1.0	1.0	1.0	1.0	1.0	1.0	1.0	1.0
-1367326652886	265.0	221.0	49.0	14.0	14.0	14.0	14.0	14.0	14.0	10.0	9.0	5.0	5.0	5.0	5.0	1.0	1.0	1.0
17604	81.0	62.0	56.0	4.0	2.0	2.0	2.0	2.0	2.0	2.0	1.0	1.0	1.0	1.0	1.0	1.0	0.0	0.0
17902	218.0	208.0	154.0	103.0	37.0	2.0	1.0	1.0	1.0	1.0	1.0	1.0	1.0	1.0	1.0	1.0	0.0	0.0
17773	205.0	155.0	60.0	5.0	4.0	4.0	4.0	4.0	2.0	2.0	2.0	2.0	2.0	2.0	2.0	2.0	0.0	0.0
16685	178.0	123.0	15.0	15.0	15.0	5.0	5.0	5.0	5.0	4.0	4.0	3.0	3.0	3.0	3.0	0.0	0.0	0.0
19993	206.0	64.0	27.0	27.0	27.0	18.0	18.0	5.0	5.0	5.0	5.0	5.0	5.0	5.0	5.0	5.0	5.0	5.0
-1367327635127	230.0	135.0	14.0	8.0	6.0	6.0	6.0	6.0	5.0	5.0	5.0	5.0	1.0	1.0	1.0	1.0	1.0	1.0
-1367327744058	226.0	45.0	32.0	32.0	32.0	25.0	25.0	17.0	5.0	5.0	4.0	4.0	4.0	4.0	4.0	3.0	2.0	2.0
2949	197.0	0.0	0.0	0.0	0.0	0.0	0.0	0.0	0.0	0.0	0.0	0.0	0.0	0.0	0.0	0.0	0.0	0.0
-1367328040426	104.0	89.0	35.0	35.0	18.0	12.0	12.0	6.0	6.0	2.0	1.0	1.0	1.0	1.0	1.0	1.0	1.0	1.0
-1367328187640	242.0	172.0	25.0	8.0	8.0	1.0	1.0	1.0	1.0	1.0	1.0	1.0	1.0	1.0	1.0	1.0	1.0	1.0
22720	212.0	188.0	85.0	12.0	12.0	12.0	9.0	9.0	9.0	9.0	9.0	9.0	9.0	9.0	9.0	9.0	9.0	8.0
12517	201.0	158.0	125.0	49.0	19.0	19.0	12.0	4.0	4.0	4.0	4.0	0.0	0.0	0.0	0.0	0.0	0.0	0.0
-1367328995814	55.0	34.0	34.0	22.0	22.0	12.0	6.0	6.0	2.0	2.0	2.0	2.0	2.0	2.0	2.0	2.0	2.0	2.0
18936	292.0	47.0	16.0	9.0	9.0	9.0	9.0	9.0	9.0	9.0	3.0	3.0	3.0	1.0	1.0	1.0	1.0	0.0
3965	165.0	58.0	0.0	0.0	0.0	0.0	0.0	0.0	0.0	0.0	0.0	0.0	0.0	0.0	0.0	0.0	0.0	0.0
-1367329558670	223.0	40.0	40.0	5.0	5.0	5.0	5.0	5.0	5.0	5.0	5.0	5.0	5.0	5.0	5.0	5.0	5.0	5.0
-1367329654977	220.0	220.0	53.0	9.0	8.0	8.0	8.0	8.0	8.0	8.0	8.0	8.0	8.0	8.0	8.0	5.0	5.0	5.0
-1367329772381	249.0	30.0	7.0	7.0	7.0	7.0	7.0	3.0	3.0	3.0	3.0	3.0	3.0	3.0	3.0	3.0	3.0	3.0
-1367329901695	204.0	155.0	33.0	30.0	21.0	14.0	14.0	6.0	6.0	6.0	6.0	6.0	6.0	6.0	6.0	6.0	2.0	2.0	2.0
-1367330057533	216.0	143.0	87.0	9.0	3.0	1.0	1.0	1.0	1.0	1.0	1.0	1.0	1.0	1.0	1.0	1.0	1.0	1.0
13572	172.0	67.0	55.0	55.0	17.0	15.0	15.0	15.0	14.0	3.0	3.0	3.0	0.0	0.0	0.0	0.0	0.0	0.0
