-1367314363311	-1367314450712	-1367314556414	-1367314647802	-1367314734385	-1367314954430	9194	-1367315185790	-1367315355740	-1367315469331	-1367315587493	-1367315766210	11701	-1367315982306	-1367316125566	-1367316246408	-1367316344186	-1367316526930	-1367316715384	-1367316857026	-1367316951591	-1367317093642	-1367317196241	17467	-1367317516977	-1367317663192	-1367317790845	-1367318037931	-1367318119267	-1367318237869	-1367318565501	-1367318688511	-1367318769982	-1367318896380	-1367319018807	-1367319408272	-1367319518904	-1367319808862	-1367319981148	-1367320106912	-1367320309872	-1367320465327	-1367320949144	-1367321284875	-1367321412541	-1367321555039	-1367321632206	-1367321715222	-1367321922172	-1367322039538	5142	-1367322276514	-1367322345016	-1367322531375	-1367322804756	-1367322947333	-1367323062353	-1367323215974	17859	7758	14875	-1367324079616	-1367324184686	-1367324348807	-1367324458017	-1367324543089	4661	-1367324924082	-1367325020188	-1367325168117	3743	-1367325326671	-1367325521073	-1367325641402	-1367325903371	-1367325990287	-1367326079106	-1367326270507	-1367326384677	6796	10692	-1367326923708	-1367327285255	-1367327357359	-1367327471141	-1367327616312	6541	-1367327916102	-1367328021191	3592	10497	-1367328557121	14914	17566	3603	-1367329538115	-1367329634401	-1367329749497	-1367329881778	-1367330038361	-1367330115250	
222.0	202.0	170.0	271.0	227.0	238.0	146.0	183.0	165.0	234.0	236.0	291.0	66.0	131.0	25.0	270.0	234.0	176.0	45.0	210.0	175.0	212.0	227.0	232.0	194.0	247.0	333.0	284.0	238.0	208.0	322.0	208.0	100.0	61.0	48.0	254.0	242.0	278.0	199.0	247.0	178.0	265.0	158.0	241.0	211.0	277.0	207.0	229.0	242.0	222.0	224.0	329.0	205.0	272.0	237.0	205.0	246.0	193.0	315.0	43.0	91.0	64.0	275.0	53.0	172.0	60.0	251.0	162.0	214.0	72.0	55.0	234.0	265.0	74.0	121.0	303.0	188.0	53.0	162.0	64.0	177.0	298.0	56.0	250.0	192.0	179.0	178.0	234.0	184.0	198.0	247.0	128.0	28.0	240.0	62.0	250.0	145.0	222.0	259.0	229.0	216.0	
50.0	126.0	170.0	271.0	200.0	122.0	17.0	3.0	162.0	147.0	199.0	243.0	26.0	107.0	11.0	200.0	69.0	48.0	31.0	170.0	159.0	172.0	137.0	170.0	31.0	239.0	205.0	167.0	234.0	18.0	322.0	10.0	52.0	61.0	27.0	244.0	201.0	278.0	123.0	80.0	136.0	251.0	112.0	55.0	105.0	34.0	136.0	211.0	136.0	222.0	224.0	329.0	204.0	142.0	103.0	148.0	246.0	145.0	72.0	15.0	57.0	18.0	203.0	53.0	172.0	46.0	37.0	162.0	86.0	63.0	13.0	114.0	36.0	73.0	121.0	220.0	34.0	22.0	78.0	51.0	138.0	298.0	37.0	138.0	178.0	169.0	157.0	5.0	109.0	75.0	72.0	53.0	12.0	240.0	30.0	150.0	55.0	150.0	165.0	229.0	48.0	
50.0	31.0	170.0	153.0	200.0	122.0	17.0	3.0	142.0	38.0	199.0	15.0	26.0	107.0	11.0	136.0	26.0	48.0	31.0	170.0	84.0	172.0	17.0	16.0	15.0	180.0	205.0	69.0	29.0	18.0	322.0	3.0	45.0	61.0	16.0	244.0	127.0	278.0	115.0	80.0	136.0	158.0	95.0	24.0	25.0	34.0	125.0	211.0	16.0	53.0	24.0	329.0	204.0	57.0	38.0	86.0	185.0	145.0	30.0	4.0	57.0	18.0	166.0	32.0	172.0	46.0	28.0	69.0	68.0	20.0	0.0	114.0	36.0	73.0	121.0	61.0	7.0	18.0	50.0	51.0	80.0	298.0	37.0	85.0	32.0	169.0	89.0	3.0	44.0	0.0	15.0	53.0	12.0	103.0	0.0	25.0	2.0	150.0	138.0	44.0	46.0	
24.0	31.0	51.0	79.0	102.0	122.0	17.0	3.0	116.0	19.0	76.0	15.0	26.0	107.0	11.0	104.0	2.0	32.0	31.0	36.0	68.0	172.0	11.0	15.0	15.0	147.0	115.0	40.0	29.0	18.0	322.0	3.0	45.0	61.0	16.0	17.0	57.0	278.0	50.0	80.0	118.0	158.0	95.0	24.0	25.0	19.0	117.0	184.0	6.0	4.0	2.0	329.0	82.0	21.0	38.0	86.0	54.0	88.0	30.0	4.0	57.0	4.0	16.0	20.0	172.0	46.0	0.0	46.0	35.0	20.0	0.0	59.0	25.0	46.0	33.0	61.0	6.0	18.0	2.0	22.0	32.0	298.0	28.0	59.0	9.0	16.0	3.0	3.0	24.0	0.0	15.0	40.0	12.0	20.0	0.0	6.0	2.0	150.0	72.0	8.0	46.0	
20.0	31.0	36.0	15.0	10.0	14.0	17.0	3.0	6.0	19.0	14.0	15.0	26.0	76.0	11.0	97.0	2.0	31.0	31.0	15.0	16.0	58.0	11.0	13.0	15.0	33.0	102.0	38.0	29.0	18.0	322.0	3.0	45.0	41.0	16.0	17.0	4.0	278.0	3.0	80.0	38.0	158.0	77.0	24.0	25.0	2.0	102.0	141.0	6.0	4.0	0.0	329.0	46.0	21.0	9.0	52.0	4.0	44.0	30.0	4.0	57.0	4.0	5.0	14.0	25.0	3.0	0.0	46.0	35.0	20.0	0.0	44.0	1.0	46.0	2.0	34.0	6.0	6.0	2.0	21.0	22.0	298.0	9.0	18.0	7.0	9.0	2.0	3.0	24.0	0.0	6.0	25.0	9.0	14.0	0.0	6.0	2.0	26.0	16.0	8.0	42.0	
20.0	12.0	3.0	5.0	10.0	7.0	17.0	3.0	6.0	19.0	14.0	6.0	26.0	44.0	11.0	9.0	2.0	31.0	31.0	15.0	9.0	48.0	11.0	13.0	15.0	28.0	58.0	26.0	20.0	18.0	322.0	3.0	34.0	29.0	16.0	7.0	4.0	278.0	3.0	71.0	15.0	158.0	33.0	24.0	15.0	2.0	54.0	141.0	6.0	4.0	0.0	329.0	38.0	17.0	9.0	43.0	4.0	15.0	30.0	4.0	57.0	4.0	5.0	7.0	18.0	3.0	0.0	40.0	35.0	20.0	0.0	11.0	1.0	2.0	1.0	5.0	6.0	2.0	2.0	0.0	22.0	298.0	9.0	18.0	7.0	9.0	0.0	3.0	24.0	0.0	6.0	25.0	9.0	14.0	0.0	1.0	2.0	7.0	10.0	8.0	14.0	
10.0	12.0	3.0	5.0	10.0	7.0	11.0	3.0	4.0	19.0	14.0	6.0	26.0	8.0	8.0	9.0	2.0	31.0	31.0	15.0	9.0	48.0	8.0	10.0	12.0	23.0	38.0	26.0	20.0	17.0	322.0	3.0	5.0	22.0	16.0	7.0	4.0	278.0	3.0	32.0	10.0	55.0	24.0	16.0	13.0	2.0	6.0	32.0	6.0	4.0	0.0	329.0	15.0	17.0	9.0	36.0	4.0	15.0	30.0	0.0	43.0	4.0	5.0	7.0	10.0	3.0	0.0	40.0	13.0	11.0	0.0	11.0	1.0	2.0	1.0	5.0	6.0	2.0	2.0	0.0	22.0	298.0	9.0	18.0	6.0	9.0	0.0	3.0	11.0	0.0	6.0	23.0	9.0	9.0	0.0	1.0	2.0	6.0	10.0	8.0	6.0	
8.0	12.0	3.0	5.0	3.0	7.0	4.0	3.0	4.0	8.0	14.0	6.0	25.0	5.0	7.0	9.0	2.0	31.0	13.0	14.0	9.0	11.0	8.0	10.0	12.0	23.0	3.0	21.0	20.0	12.0	322.0	3.0	1.0	22.0	16.0	7.0	4.0	278.0	3.0	16.0	10.0	41.0	11.0	16.0	13.0	2.0	6.0	32.0	6.0	4.0	0.0	329.0	12.0	17.0	3.0	29.0	4.0	15.0	21.0	0.0	41.0	4.0	5.0	7.0	10.0	3.0	0.0	40.0	6.0	8.0	0.0	10.0	1.0	2.0	1.0	5.0	6.0	2.0	2.0	0.0	4.0	298.0	9.0	18.0	6.0	9.0	0.0	3.0	3.0	0.0	6.0	23.0	1.0	7.0	0.0	1.0	2.0	6.0	10.0	8.0	6.0	
8.0	12.0	3.0	5.0	3.0	7.0	0.0	3.0	2.0	6.0	9.0	6.0	25.0	5.0	3.0	9.0	2.0	31.0	13.0	14.0	2.0	11.0	8.0	10.0	12.0	23.0	3.0	21.0	20.0	12.0	322.0	3.0	1.0	22.0	16.0	7.0	4.0	278.0	3.0	16.0	10.0	40.0	11.0	16.0	13.0	2.0	6.0	32.0	6.0	4.0	0.0	329.0	12.0	12.0	3.0	17.0	4.0	15.0	21.0	0.0	21.0	4.0	5.0	7.0	3.0	3.0	0.0	27.0	6.0	8.0	0.0	10.0	1.0	2.0	1.0	5.0	6.0	2.0	2.0	0.0	3.0	298.0	9.0	18.0	6.0	9.0	0.0	3.0	2.0	0.0	5.0	23.0	1.0	7.0	0.0	1.0	2.0	6.0	10.0	8.0	6.0	
8.0	12.0	2.0	5.0	3.0	7.0	0.0	3.0	2.0	6.0	9.0	6.0	3.0	5.0	3.0	9.0	2.0	13.0	4.0	9.0	2.0	11.0	6.0	5.0	4.0	8.0	3.0	21.0	20.0	6.0	322.0	3.0	1.0	22.0	16.0	7.0	4.0	278.0	3.0	16.0	10.0	40.0	11.0	16.0	13.0	2.0	6.0	32.0	6.0	4.0	0.0	329.0	12.0	12.0	3.0	9.0	4.0	15.0	21.0	0.0	16.0	4.0	4.0	5.0	3.0	3.0	0.0	14.0	6.0	6.0	0.0	10.0	1.0	2.0	1.0	2.0	6.0	2.0	2.0	0.0	0.0	298.0	4.0	13.0	6.0	9.0	0.0	3.0	2.0	0.0	0.0	9.0	1.0	7.0	0.0	1.0	2.0	6.0	10.0	7.0	6.0	
8.0	5.0	2.0	5.0	3.0	7.0	0.0	3.0	1.0	6.0	9.0	6.0	0.0	5.0	3.0	9.0	2.0	13.0	4.0	9.0	2.0	11.0	6.0	5.0	4.0	8.0	3.0	21.0	20.0	6.0	322.0	3.0	1.0	22.0	16.0	7.0	4.0	278.0	3.0	13.0	10.0	25.0	11.0	16.0	7.0	2.0	6.0	9.0	6.0	4.0	0.0	329.0	12.0	9.0	3.0	9.0	4.0	15.0	21.0	0.0	16.0	4.0	4.0	5.0	3.0	3.0	0.0	5.0	6.0	6.0	0.0	8.0	1.0	2.0	1.0	2.0	6.0	2.0	2.0	0.0	0.0	298.0	3.0	13.0	6.0	9.0	0.0	3.0	2.0	0.0	0.0	9.0	1.0	7.0	0.0	1.0	2.0	6.0	10.0	7.0	6.0	
8.0	5.0	2.0	5.0	3.0	7.0	0.0	3.0	1.0	6.0	7.0	6.0	0.0	5.0	3.0	9.0	2.0	13.0	4.0	9.0	2.0	1.0	6.0	5.0	4.0	8.0	3.0	8.0	20.0	6.0	322.0	3.0	1.0	22.0	7.0	7.0	4.0	278.0	1.0	13.0	5.0	21.0	11.0	16.0	7.0	2.0	6.0	2.0	6.0	4.0	0.0	329.0	12.0	9.0	3.0	9.0	4.0	15.0	21.0	0.0	16.0	4.0	4.0	5.0	3.0	3.0	0.0	5.0	6.0	6.0	0.0	8.0	1.0	2.0	1.0	2.0	6.0	2.0	2.0	0.0	0.0	298.0	3.0	13.0	6.0	9.0	0.0	3.0	2.0	0.0	0.0	2.0	1.0	7.0	0.0	1.0	2.0	6.0	10.0	7.0	6.0	
4.0	5.0	2.0	2.0	3.0	7.0	0.0	3.0	1.0	6.0	7.0	6.0	0.0	5.0	3.0	9.0	2.0	10.0	4.0	4.0	2.0	1.0	6.0	5.0	4.0	6.0	3.0	8.0	20.0	6.0	322.0	3.0	1.0	22.0	7.0	7.0	4.0	278.0	1.0	12.0	5.0	21.0	11.0	16.0	4.0	2.0	6.0	2.0	6.0	4.0	0.0	329.0	12.0	9.0	3.0	9.0	4.0	15.0	21.0	0.0	16.0	4.0	4.0	5.0	3.0	3.0	0.0	5.0	3.0	6.0	0.0	8.0	1.0	2.0	1.0	2.0	6.0	2.0	2.0	0.0	0.0	298.0	3.0	13.0	6.0	9.0	0.0	3.0	2.0	0.0	0.0	2.0	1.0	7.0	0.0	1.0	2.0	6.0	10.0	7.0	6.0	
4.0	4.0	1.0	2.0	3.0	7.0	0.0	3.0	1.0	6.0	7.0	6.0	0.0	5.0	3.0	9.0	2.0	10.0	4.0	4.0	2.0	1.0	6.0	5.0	4.0	6.0	3.0	8.0	20.0	6.0	322.0	3.0	1.0	22.0	7.0	7.0	3.0	278.0	1.0	12.0	5.0	21.0	11.0	9.0	4.0	2.0	6.0	2.0	6.0	4.0	0.0	329.0	4.0	9.0	3.0	9.0	4.0	15.0	21.0	0.0	0.0	4.0	4.0	5.0	3.0	3.0	0.0	5.0	3.0	6.0	0.0	8.0	1.0	2.0	1.0	2.0	6.0	2.0	2.0	0.0	0.0	298.0	3.0	13.0	6.0	9.0	0.0	3.0	2.0	0.0	0.0	2.0	0.0	7.0	0.0	1.0	2.0	5.0	10.0	7.0	6.0	
4.0	4.0	1.0	2.0	3.0	7.0	0.0	3.0	1.0	1.0	6.0	6.0	0.0	5.0	3.0	6.0	2.0	10.0	4.0	4.0	2.0	1.0	6.0	5.0	4.0	6.0	3.0	8.0	20.0	6.0	322.0	3.0	1.0	22.0	7.0	7.0	3.0	278.0	1.0	8.0	5.0	21.0	11.0	9.0	4.0	2.0	6.0	2.0	6.0	4.0	0.0	329.0	4.0	9.0	3.0	6.0	4.0	15.0	21.0	0.0	0.0	4.0	4.0	5.0	1.0	3.0	0.0	5.0	3.0	6.0	0.0	8.0	1.0	2.0	1.0	2.0	6.0	2.0	2.0	0.0	0.0	298.0	3.0	13.0	6.0	9.0	0.0	3.0	2.0	0.0	0.0	2.0	0.0	7.0	0.0	1.0	2.0	1.0	10.0	5.0	6.0	
4.0	4.0	1.0	2.0	3.0	7.0	0.0	3.0	1.0	1.0	6.0	6.0	0.0	5.0	3.0	6.0	2.0	10.0	4.0	4.0	2.0	1.0	6.0	5.0	4.0	6.0	3.0	8.0	20.0	4.0	322.0	3.0	1.0	22.0	7.0	7.0	3.0	278.0	1.0	3.0	5.0	21.0	11.0	9.0	4.0	2.0	6.0	2.0	1.0	4.0	0.0	329.0	4.0	9.0	2.0	6.0	1.0	15.0	21.0	0.0	0.0	3.0	4.0	5.0	1.0	3.0	0.0	5.0	3.0	6.0	0.0	8.0	1.0	2.0	1.0	2.0	6.0	2.0	2.0	0.0	0.0	298.0	3.0	13.0	6.0	9.0	0.0	3.0	2.0	0.0	0.0	2.0	0.0	7.0	0.0	1.0	2.0	1.0	10.0	5.0	6.0	
4.0	4.0	1.0	2.0	3.0	7.0	0.0	3.0	1.0	1.0	6.0	6.0	0.0	5.0	3.0	6.0	2.0	10.0	4.0	4.0	2.0	1.0	6.0	0.0	4.0	6.0	3.0	8.0	20.0	4.0	322.0	3.0	1.0	20.0	7.0	7.0	3.0	278.0	1.0	3.0	5.0	5.0	11.0	9.0	4.0	1.0	6.0	2.0	1.0	4.0	0.0	329.0	4.0	6.0	1.0	6.0	1.0	15.0	0.0	0.0	0.0	2.0	4.0	5.0	1.0	3.0	0.0	5.0	3.0	6.0	0.0	5.0	1.0	2.0	1.0	2.0	6.0	2.0	2.0	0.0	0.0	298.0	3.0	13.0	6.0	9.0	0.0	3.0	2.0	0.0	0.0	2.0	0.0	0.0	0.0	1.0	2.0	1.0	10.0	5.0	6.0	
4.0	4.0	1.0	2.0	3.0	7.0	0.0	3.0	1.0	1.0	6.0	6.0	0.0	5.0	3.0	6.0	2.0	10.0	4.0	4.0	2.0	1.0	6.0	0.0	4.0	6.0	3.0	8.0	20.0	4.0	322.0	3.0	1.0	9.0	7.0	7.0	3.0	278.0	1.0	3.0	5.0	5.0	11.0	9.0	4.0	1.0	3.0	2.0	1.0	4.0	0.0	329.0	4.0	6.0	1.0	6.0	1.0	15.0	0.0	0.0	0.0	2.0	4.0	5.0	1.0	3.0	0.0	5.0	3.0	6.0	0.0	5.0	1.0	2.0	1.0	2.0	5.0	2.0	2.0	0.0	0.0	298.0	3.0	13.0	6.0	9.0	0.0	3.0	2.0	0.0	0.0	2.0	0.0	0.0	0.0	1.0	2.0	1.0	10.0	5.0	6.0	
