-1367314419004	-1367314545712	10152	30334	-1367314924222	-1367315029062	30517	-1367315323138	-1367315425875	16098	-1	-1367315863507	-1367315944648	-1367316089017	36140	-1367316297634	22113	-1367316672472	-1367316853090	-1367316948789	45113	-1367317151563	35833	46863	-1367317607393	-1367317746434	-1367318001047	-1367318114408	-1	22470	28465	-1367318767447	-1367318849998	19027	-1367319397965	23417	27300	-1367319928377	-1367320102631	-1367320252039	21032	30338	-1367321242078	-1367321372876	32154	-1367321628483	-1367321712938	-1367321919525	10594	-1367322116770	-1367322239823	-1	-1367322491200	10774	-1367322913914	21974	7892	14635	7399	-1367323957680	16597	14811	-1367324316190	-1367324422203	-1367324503972	25720	21155	-1367324987937	31297	-1367325211815	-1367325324143	13305	-1367325597237	-1367325866124	-1367325944074	12031	6895	10995	20125	-1367326699912	18777	19653	-1367327325728	-1367327433234	-1367327582162	7996	-1367327887286	32027	-1367328067602	5771	-1367328525370	15867	-1367329046403	7798	-1367329535594	18729	23295	-1367329846701	19268	-1367330109627	-1367330314082	
243.0	258.0	265.0	241.0	241.0	288.0	265.0	278.0	294.0	326.0	369.0	207.0	258.0	285.0	282.0	252.0	251.0	250.0	300.0	270.0	389.0	323.0	244.0	261.0	297.0	285.0	296.0	287.0	349.0	218.0	243.0	270.0	254.0	224.0	169.0	276.0	290.0	386.0	281.0	391.0	315.0	391.0	296.0	257.0	310.0	291.0	351.0	315.0	259.0	227.0	263.0	340.0	243.0	204.0	297.0	379.0	275.0	287.0	256.0	273.0	266.0	213.0	248.0	247.0	257.0	239.0	240.0	261.0	232.0	258.0	311.0	254.0	215.0	247.0	306.0	338.0	254.0	303.0	295.0	210.0	227.0	247.0	250.0	251.0	272.0	239.0	184.0	259.0	260.0	265.0	286.0	214.0	246.0	248.0	297.0	297.0	270.0	241.0	207.0	270.0	277.0	
216.0	244.0	219.0	180.0	92.0	149.0	225.0	69.0	244.0	246.0	369.0	143.0	229.0	231.0	165.0	208.0	213.0	194.0	246.0	270.0	244.0	282.0	212.0	177.0	287.0	246.0	172.0	225.0	349.0	166.0	193.0	270.0	202.0	182.0	55.0	228.0	240.0	319.0	280.0	306.0	220.0	284.0	277.0	207.0	264.0	245.0	351.0	315.0	211.0	194.0	187.0	340.0	183.0	170.0	249.0	231.0	275.0	214.0	216.0	68.0	203.0	152.0	193.0	192.0	246.0	95.0	26.0	210.0	142.0	211.0	311.0	190.0	193.0	234.0	210.0	280.0	220.0	184.0	226.0	184.0	168.0	213.0	214.0	211.0	232.0	235.0	40.0	178.0	213.0	227.0	226.0	91.0	191.0	232.0	297.0	171.0	176.0	69.0	153.0	198.0	160.0	
26.0	42.0	201.0	144.0	36.0	149.0	120.0	45.0	66.0	240.0	369.0	8.0	50.0	212.0	140.0	79.0	207.0	158.0	246.0	270.0	231.0	245.0	51.0	164.0	228.0	236.0	107.0	224.0	349.0	131.0	147.0	270.0	202.0	59.0	11.0	196.0	196.0	271.0	280.0	248.0	59.0	252.0	194.0	171.0	249.0	245.0	351.0	315.0	157.0	35.0	160.0	340.0	55.0	137.0	169.0	188.0	186.0	177.0	154.0	40.0	69.0	41.0	81.0	55.0	77.0	33.0	13.0	146.0	49.0	162.0	311.0	47.0	56.0	205.0	182.0	195.0	111.0	35.0	46.0	184.0	120.0	78.0	42.0	211.0	175.0	194.0	37.0	52.0	185.0	69.0	49.0	91.0	26.0	187.0	297.0	46.0	121.0	38.0	61.0	192.0	117.0	
26.0	37.0	42.0	96.0	26.0	149.0	36.0	27.0	66.0	194.0	369.0	8.0	22.0	141.0	130.0	62.0	60.0	40.0	246.0	270.0	183.0	83.0	51.0	79.0	188.0	55.0	86.0	224.0	349.0	129.0	34.0	270.0	108.0	17.0	11.0	196.0	59.0	197.0	280.0	202.0	36.0	219.0	45.0	73.0	233.0	245.0	351.0	315.0	151.0	17.0	31.0	340.0	44.0	95.0	100.0	180.0	65.0	52.0	65.0	40.0	69.0	4.0	16.0	39.0	77.0	5.0	11.0	26.0	49.0	122.0	311.0	18.0	25.0	85.0	142.0	151.0	19.0	11.0	14.0	50.0	115.0	45.0	20.0	31.0	136.0	159.0	28.0	30.0	33.0	19.0	29.0	12.0	26.0	81.0	297.0	31.0	85.0	35.0	51.0	192.0	117.0	
26.0	37.0	42.0	57.0	21.0	81.0	36.0	6.0	39.0	120.0	369.0	8.0	4.0	39.0	73.0	37.0	29.0	26.0	246.0	270.0	84.0	69.0	51.0	66.0	54.0	27.0	37.0	224.0	349.0	129.0	34.0	270.0	100.0	14.0	11.0	47.0	44.0	140.0	280.0	185.0	27.0	59.0	19.0	20.0	46.0	245.0	351.0	315.0	147.0	16.0	16.0	340.0	44.0	81.0	72.0	38.0	39.0	34.0	29.0	40.0	48.0	4.0	15.0	31.0	77.0	4.0	11.0	9.0	49.0	120.0	311.0	4.0	25.0	21.0	71.0	102.0	15.0	11.0	11.0	5.0	103.0	21.0	5.0	29.0	91.0	44.0	15.0	15.0	33.0	0.0	29.0	3.0	26.0	22.0	297.0	31.0	71.0	27.0	5.0	192.0	76.0	
26.0	16.0	42.0	21.0	6.0	73.0	36.0	6.0	22.0	35.0	369.0	8.0	1.0	21.0	41.0	16.0	15.0	26.0	246.0	270.0	81.0	69.0	36.0	35.0	22.0	27.0	29.0	224.0	349.0	47.0	34.0	270.0	100.0	14.0	11.0	36.0	38.0	112.0	280.0	155.0	15.0	43.0	19.0	4.0	11.0	245.0	351.0	315.0	97.0	13.0	16.0	340.0	3.0	32.0	27.0	14.0	5.0	20.0	8.0	40.0	22.0	4.0	15.0	17.0	43.0	4.0	11.0	9.0	10.0	120.0	311.0	4.0	25.0	15.0	41.0	46.0	0.0	11.0	11.0	5.0	23.0	7.0	4.0	29.0	25.0	5.0	15.0	15.0	12.0	0.0	29.0	3.0	21.0	6.0	297.0	20.0	62.0	23.0	3.0	192.0	6.0	
24.0	16.0	22.0	18.0	6.0	23.0	36.0	6.0	3.0	13.0	369.0	8.0	1.0	12.0	41.0	11.0	4.0	26.0	246.0	270.0	81.0	69.0	19.0	18.0	20.0	16.0	8.0	224.0	349.0	46.0	34.0	270.0	78.0	14.0	11.0	11.0	14.0	42.0	280.0	45.0	13.0	31.0	19.0	4.0	8.0	245.0	351.0	315.0	56.0	8.0	16.0	340.0	3.0	26.0	17.0	9.0	0.0	8.0	0.0	40.0	13.0	4.0	13.0	17.0	7.0	4.0	11.0	9.0	5.0	120.0	311.0	4.0	25.0	12.0	11.0	17.0	0.0	11.0	11.0	4.0	5.0	7.0	4.0	10.0	11.0	0.0	7.0	6.0	7.0	0.0	17.0	3.0	21.0	0.0	297.0	10.0	29.0	13.0	2.0	192.0	6.0	
9.0	16.0	4.0	17.0	6.0	19.0	31.0	6.0	3.0	10.0	369.0	8.0	1.0	8.0	8.0	11.0	4.0	13.0	246.0	270.0	41.0	43.0	6.0	18.0	20.0	9.0	5.0	224.0	349.0	46.0	34.0	270.0	25.0	14.0	11.0	11.0	5.0	26.0	280.0	34.0	7.0	31.0	18.0	4.0	8.0	245.0	351.0	315.0	42.0	8.0	6.0	340.0	3.0	15.0	17.0	8.0	0.0	8.0	0.0	40.0	13.0	4.0	7.0	6.0	7.0	3.0	11.0	9.0	5.0	120.0	311.0	1.0	25.0	12.0	4.0	17.0	0.0	11.0	11.0	4.0	3.0	6.0	1.0	8.0	6.0	0.0	7.0	1.0	7.0	0.0	14.0	3.0	20.0	0.0	297.0	2.0	28.0	4.0	2.0	192.0	6.0	
4.0	16.0	3.0	16.0	6.0	19.0	6.0	6.0	3.0	10.0	369.0	8.0	1.0	8.0	8.0	11.0	4.0	9.0	246.0	270.0	17.0	43.0	6.0	18.0	12.0	9.0	5.0	224.0	349.0	30.0	11.0	270.0	25.0	14.0	11.0	11.0	2.0	19.0	280.0	27.0	7.0	31.0	13.0	4.0	8.0	245.0	351.0	315.0	10.0	8.0	6.0	340.0	3.0	14.0	17.0	8.0	0.0	8.0	0.0	40.0	10.0	1.0	5.0	6.0	6.0	3.0	11.0	8.0	4.0	120.0	311.0	1.0	25.0	12.0	4.0	10.0	0.0	11.0	11.0	4.0	3.0	5.0	1.0	8.0	6.0	0.0	7.0	1.0	4.0	0.0	11.0	3.0	11.0	0.0	297.0	2.0	28.0	4.0	2.0	192.0	6.0	
4.0	16.0	0.0	16.0	6.0	19.0	4.0	6.0	3.0	10.0	369.0	8.0	1.0	8.0	8.0	11.0	4.0	7.0	246.0	270.0	9.0	9.0	6.0	4.0	1.0	9.0	5.0	224.0	349.0	23.0	7.0	270.0	24.0	14.0	11.0	1.0	2.0	19.0	280.0	27.0	7.0	31.0	13.0	4.0	8.0	245.0	351.0	315.0	0.0	8.0	6.0	340.0	3.0	0.0	13.0	8.0	0.0	3.0	0.0	40.0	10.0	1.0	4.0	6.0	6.0	3.0	11.0	8.0	4.0	120.0	311.0	1.0	9.0	12.0	2.0	4.0	0.0	0.0	11.0	4.0	3.0	4.0	1.0	8.0	6.0	0.0	7.0	1.0	4.0	0.0	5.0	3.0	11.0	0.0	297.0	2.0	9.0	3.0	2.0	192.0	6.0	
4.0	16.0	0.0	16.0	2.0	19.0	4.0	6.0	3.0	10.0	369.0	7.0	1.0	4.0	8.0	6.0	4.0	2.0	246.0	270.0	9.0	9.0	6.0	4.0	1.0	1.0	5.0	224.0	349.0	11.0	6.0	270.0	6.0	10.0	11.0	1.0	2.0	19.0	280.0	26.0	7.0	31.0	13.0	4.0	8.0	245.0	351.0	315.0	0.0	8.0	6.0	340.0	3.0	0.0	12.0	8.0	0.0	3.0	0.0	40.0	9.0	1.0	4.0	6.0	6.0	3.0	11.0	8.0	4.0	120.0	311.0	1.0	6.0	12.0	2.0	1.0	0.0	0.0	11.0	4.0	3.0	1.0	1.0	8.0	6.0	0.0	7.0	1.0	4.0	0.0	5.0	3.0	11.0	0.0	297.0	2.0	9.0	2.0	2.0	192.0	6.0	
4.0	16.0	0.0	2.0	2.0	19.0	4.0	6.0	3.0	6.0	369.0	1.0	1.0	2.0	8.0	5.0	4.0	2.0	246.0	270.0	9.0	9.0	1.0	4.0	1.0	1.0	5.0	224.0	349.0	11.0	6.0	270.0	6.0	3.0	11.0	1.0	2.0	19.0	280.0	24.0	7.0	30.0	2.0	4.0	8.0	245.0	351.0	315.0	0.0	7.0	4.0	340.0	3.0	0.0	2.0	8.0	0.0	3.0	0.0	40.0	9.0	1.0	1.0	6.0	4.0	3.0	6.0	8.0	4.0	120.0	311.0	1.0	3.0	10.0	2.0	0.0	0.0	0.0	4.0	4.0	3.0	1.0	1.0	8.0	6.0	0.0	7.0	1.0	4.0	0.0	5.0	3.0	11.0	0.0	297.0	2.0	8.0	2.0	2.0	192.0	6.0	
2.0	16.0	0.0	2.0	2.0	19.0	4.0	6.0	3.0	6.0	369.0	1.0	1.0	2.0	1.0	5.0	4.0	2.0	246.0	270.0	9.0	9.0	1.0	4.0	1.0	1.0	5.0	224.0	349.0	4.0	3.0	270.0	6.0	3.0	11.0	1.0	2.0	19.0	280.0	14.0	7.0	25.0	2.0	2.0	8.0	245.0	351.0	315.0	0.0	7.0	4.0	340.0	3.0	0.0	2.0	8.0	0.0	3.0	0.0	40.0	9.0	1.0	1.0	6.0	4.0	3.0	6.0	8.0	4.0	120.0	311.0	0.0	3.0	10.0	2.0	0.0	0.0	0.0	4.0	4.0	3.0	1.0	1.0	8.0	6.0	0.0	7.0	1.0	4.0	0.0	5.0	3.0	11.0	0.0	297.0	2.0	7.0	2.0	2.0	192.0	6.0	
1.0	16.0	0.0	2.0	2.0	19.0	4.0	6.0	3.0	6.0	369.0	1.0	1.0	2.0	1.0	5.0	4.0	2.0	246.0	270.0	9.0	9.0	1.0	4.0	1.0	1.0	5.0	224.0	349.0	4.0	3.0	270.0	3.0	3.0	11.0	1.0	2.0	19.0	280.0	2.0	7.0	25.0	2.0	2.0	8.0	245.0	351.0	315.0	0.0	7.0	4.0	340.0	3.0	0.0	2.0	8.0	0.0	0.0	0.0	40.0	9.0	0.0	1.0	5.0	1.0	2.0	6.0	1.0	4.0	120.0	311.0	0.0	3.0	5.0	2.0	0.0	0.0	0.0	3.0	4.0	2.0	1.0	1.0	8.0	6.0	0.0	3.0	1.0	3.0	0.0	5.0	3.0	5.0	0.0	297.0	2.0	7.0	2.0	2.0	192.0	6.0	
1.0	16.0	0.0	2.0	2.0	3.0	4.0	3.0	3.0	2.0	369.0	1.0	1.0	2.0	1.0	5.0	4.0	2.0	246.0	270.0	9.0	9.0	1.0	3.0	1.0	1.0	5.0	224.0	349.0	3.0	3.0	270.0	2.0	3.0	11.0	1.0	2.0	7.0	280.0	2.0	7.0	25.0	2.0	2.0	8.0	245.0	351.0	315.0	0.0	7.0	4.0	340.0	3.0	0.0	2.0	6.0	0.0	0.0	0.0	40.0	9.0	0.0	1.0	4.0	1.0	2.0	6.0	1.0	4.0	120.0	311.0	0.0	3.0	5.0	2.0	0.0	0.0	0.0	3.0	1.0	2.0	1.0	1.0	8.0	6.0	0.0	3.0	1.0	3.0	0.0	5.0	0.0	5.0	0.0	297.0	2.0	2.0	2.0	2.0	192.0	6.0	
1.0	16.0	0.0	2.0	2.0	3.0	4.0	2.0	3.0	0.0	369.0	1.0	1.0	2.0	1.0	5.0	4.0	2.0	246.0	270.0	8.0	9.0	1.0	3.0	1.0	1.0	5.0	224.0	349.0	3.0	3.0	270.0	2.0	3.0	11.0	1.0	2.0	3.0	280.0	2.0	7.0	25.0	2.0	2.0	8.0	245.0	351.0	315.0	0.0	7.0	4.0	340.0	3.0	0.0	2.0	6.0	0.0	0.0	0.0	40.0	0.0	0.0	1.0	4.0	1.0	2.0	6.0	1.0	4.0	120.0	311.0	0.0	3.0	5.0	2.0	0.0	0.0	0.0	3.0	1.0	2.0	1.0	1.0	8.0	6.0	0.0	3.0	1.0	3.0	0.0	3.0	0.0	5.0	0.0	297.0	2.0	2.0	2.0	2.0	192.0	6.0	
1.0	16.0	0.0	2.0	2.0	3.0	4.0	1.0	3.0	0.0	369.0	1.0	1.0	2.0	1.0	5.0	4.0	2.0	246.0	270.0	8.0	9.0	1.0	3.0	1.0	1.0	5.0	224.0	349.0	3.0	3.0	270.0	2.0	3.0	11.0	1.0	2.0	3.0	280.0	2.0	7.0	16.0	2.0	2.0	8.0	245.0	351.0	315.0	0.0	7.0	4.0	340.0	3.0	0.0	2.0	5.0	0.0	0.0	0.0	40.0	0.0	0.0	1.0	4.0	1.0	2.0	6.0	1.0	4.0	120.0	311.0	0.0	3.0	5.0	2.0	0.0	0.0	0.0	3.0	1.0	2.0	1.0	1.0	8.0	6.0	0.0	3.0	1.0	3.0	0.0	3.0	0.0	1.0	0.0	297.0	2.0	2.0	2.0	2.0	192.0	6.0	
1.0	16.0	0.0	2.0	2.0	3.0	2.0	1.0	3.0	0.0	369.0	1.0	1.0	2.0	1.0	5.0	4.0	2.0	246.0	270.0	8.0	9.0	1.0	3.0	1.0	1.0	5.0	224.0	349.0	3.0	3.0	270.0	2.0	3.0	11.0	1.0	2.0	3.0	280.0	2.0	7.0	16.0	2.0	2.0	6.0	245.0	351.0	315.0	0.0	7.0	4.0	340.0	3.0	0.0	2.0	5.0	0.0	0.0	0.0	40.0	0.0	0.0	1.0	4.0	1.0	2.0	6.0	1.0	1.0	120.0	311.0	0.0	3.0	3.0	2.0	0.0	0.0	0.0	3.0	1.0	0.0	1.0	1.0	7.0	2.0	0.0	3.0	1.0	3.0	0.0	3.0	0.0	1.0	0.0	297.0	0.0	2.0	2.0	2.0	192.0	6.0	
