-1367314377240	-1367314469828	-1367314580419	-1367314668535	-1367314753648	-1367314976665	-1367315085390	-1367315206274	5959	-1367315490155	4635	12454	-1367315918033	-1367315999690	-1367316146214	-1367316269092	-1367316364606	6163	-1367316735158	-1367316881517	-1367316975723	-1367317119553	-1367317217575	-1367317374997	-1367317538562	-1367317685204	5661	-1367318057060	4659	13118	-1367318567563	9288	25255	-1367318920673	17055	6066	-1367319537835	-1367319812201	18204	31564	-1367320335679	-1367320491665	19714	17845	-1367321434690	-1367321575450	14485	-1367321737899	-1367321945227	-1367322063303	-1367322181078	-1367322278816	8519	4732	8690	-1367322965164	-1367323083279	-1367323235992	6181	-1367323909663	-1367323980544	4105	4569	-1367324369475	-1367324477953	20120	-1367324709177	-1367324941097	-1367325039457	-1367325187258	4922	23079	-1367325541493	15111	-1367325914419	-1367326012999	-1367326101282	17901	-1367326405090	-1367326652886	17604	17902	17773	16685	19993	-1367327635127	-1367327744058	2949	-1367328040426	-1367328187640	22720	12517	-1367328995814	18936	3965	-1367329558670	-1367329654977	-1367329772381	-1367329901695	-1367330057533	13572	
83.0	213.0	277.0	176.0	181.0	193.0	186.0	180.0	240.0	253.0	76.0	192.0	197.0	211.0	182.0	232.0	281.0	218.0	181.0	239.0	229.0	217.0	251.0	200.0	252.0	204.0	252.0	166.0	184.0	74.0	54.0	251.0	64.0	246.0	196.0	214.0	200.0	239.0	188.0	316.0	275.0	291.0	234.0	180.0	58.0	189.0	214.0	234.0	259.0	259.0	90.0	310.0	203.0	181.0	189.0	199.0	168.0	262.0	248.0	87.0	213.0	233.0	230.0	188.0	206.0	274.0	215.0	224.0	214.0	257.0	187.0	228.0	249.0	229.0	267.0	243.0	242.0	169.0	253.0	265.0	81.0	218.0	205.0	178.0	206.0	230.0	226.0	197.0	104.0	242.0	212.0	201.0	55.0	292.0	165.0	223.0	220.0	249.0	204.0	216.0	172.0	
76.0	106.0	207.0	73.0	131.0	40.0	110.0	65.0	196.0	180.0	74.0	171.0	188.0	180.0	166.0	194.0	43.0	36.0	168.0	158.0	226.0	23.0	215.0	53.0	202.0	58.0	35.0	126.0	149.0	19.0	54.0	156.0	17.0	168.0	196.0	95.0	97.0	192.0	132.0	259.0	202.0	247.0	81.0	55.0	45.0	125.0	40.0	72.0	62.0	40.0	23.0	211.0	171.0	181.0	83.0	65.0	119.0	190.0	16.0	60.0	166.0	30.0	230.0	83.0	153.0	243.0	64.0	63.0	51.0	36.0	31.0	228.0	188.0	156.0	219.0	108.0	40.0	143.0	237.0	221.0	62.0	208.0	155.0	123.0	64.0	135.0	45.0	0.0	89.0	172.0	188.0	158.0	34.0	47.0	58.0	40.0	220.0	30.0	155.0	143.0	67.0	
29.0	50.0	68.0	44.0	85.0	14.0	38.0	4.0	158.0	180.0	56.0	35.0	187.0	67.0	43.0	36.0	20.0	23.0	129.0	147.0	56.0	22.0	72.0	53.0	110.0	27.0	8.0	89.0	26.0	10.0	24.0	155.0	16.0	157.0	196.0	95.0	60.0	177.0	42.0	48.0	30.0	247.0	60.0	18.0	23.0	84.0	18.0	72.0	61.0	11.0	11.0	133.0	43.0	16.0	21.0	51.0	34.0	61.0	10.0	33.0	124.0	3.0	12.0	38.0	89.0	56.0	18.0	63.0	46.0	7.0	2.0	54.0	40.0	36.0	46.0	78.0	17.0	22.0	133.0	49.0	56.0	154.0	60.0	15.0	27.0	14.0	32.0	0.0	35.0	25.0	85.0	125.0	34.0	16.0	0.0	40.0	53.0	7.0	33.0	87.0	55.0	
29.0	19.0	55.0	43.0	58.0	4.0	20.0	4.0	86.0	55.0	0.0	25.0	35.0	28.0	38.0	18.0	17.0	23.0	73.0	31.0	15.0	22.0	3.0	3.0	40.0	27.0	2.0	19.0	0.0	10.0	24.0	8.0	16.0	106.0	53.0	66.0	16.0	177.0	11.0	38.0	8.0	144.0	24.0	10.0	23.0	84.0	5.0	53.0	10.0	11.0	11.0	50.0	26.0	0.0	15.0	51.0	17.0	31.0	10.0	16.0	32.0	0.0	0.0	38.0	29.0	20.0	3.0	17.0	46.0	7.0	0.0	3.0	36.0	14.0	46.0	78.0	5.0	22.0	103.0	14.0	4.0	103.0	5.0	15.0	27.0	8.0	32.0	0.0	35.0	8.0	12.0	49.0	22.0	9.0	0.0	5.0	9.0	7.0	30.0	9.0	55.0	
6.0	19.0	13.0	30.0	58.0	4.0	4.0	4.0	0.0	25.0	0.0	10.0	10.0	28.0	38.0	1.0	17.0	1.0	23.0	17.0	3.0	22.0	3.0	3.0	29.0	20.0	0.0	19.0	0.0	10.0	24.0	8.0	16.0	106.0	46.0	6.0	11.0	31.0	11.0	38.0	4.0	68.0	20.0	10.0	23.0	33.0	5.0	20.0	8.0	11.0	11.0	30.0	26.0	0.0	15.0	12.0	17.0	31.0	10.0	1.0	30.0	0.0	0.0	38.0	6.0	20.0	3.0	11.0	40.0	7.0	0.0	2.0	2.0	14.0	25.0	42.0	5.0	3.0	33.0	14.0	2.0	37.0	4.0	15.0	27.0	6.0	32.0	0.0	18.0	8.0	12.0	19.0	22.0	9.0	0.0	5.0	8.0	7.0	21.0	3.0	17.0	
6.0	12.0	13.0	20.0	44.0	4.0	4.0	4.0	0.0	25.0	0.0	1.0	10.0	5.0	38.0	1.0	17.0	0.0	23.0	9.0	3.0	22.0	3.0	3.0	25.0	15.0	0.0	19.0	0.0	10.0	19.0	6.0	16.0	55.0	46.0	0.0	11.0	26.0	11.0	7.0	4.0	27.0	20.0	10.0	23.0	7.0	5.0	19.0	3.0	1.0	11.0	28.0	24.0	0.0	2.0	7.0	17.0	31.0	0.0	1.0	30.0	0.0	0.0	16.0	2.0	20.0	3.0	10.0	22.0	7.0	0.0	2.0	2.0	1.0	21.0	23.0	5.0	3.0	33.0	14.0	2.0	2.0	4.0	5.0	18.0	6.0	25.0	0.0	12.0	1.0	12.0	19.0	12.0	9.0	0.0	5.0	8.0	7.0	14.0	1.0	15.0	
4.0	12.0	13.0	13.0	22.0	3.0	4.0	4.0	0.0	23.0	0.0	1.0	4.0	1.0	27.0	1.0	17.0	0.0	7.0	9.0	3.0	22.0	3.0	3.0	17.0	15.0	0.0	15.0	0.0	10.0	4.0	6.0	11.0	16.0	17.0	0.0	11.0	26.0	11.0	6.0	4.0	18.0	20.0	6.0	23.0	7.0	5.0	19.0	3.0	1.0	8.0	9.0	10.0	0.0	2.0	7.0	4.0	31.0	0.0	1.0	16.0	0.0	0.0	16.0	2.0	14.0	3.0	10.0	22.0	7.0	0.0	2.0	2.0	1.0	21.0	23.0	5.0	3.0	7.0	14.0	2.0	1.0	4.0	5.0	18.0	6.0	25.0	0.0	12.0	1.0	9.0	12.0	6.0	9.0	0.0	5.0	8.0	7.0	14.0	1.0	15.0	
4.0	12.0	13.0	13.0	22.0	3.0	4.0	4.0	0.0	16.0	0.0	1.0	1.0	1.0	23.0	1.0	17.0	0.0	7.0	3.0	3.0	11.0	3.0	3.0	1.0	15.0	0.0	15.0	0.0	10.0	4.0	6.0	11.0	5.0	17.0	0.0	11.0	22.0	11.0	6.0	4.0	16.0	7.0	6.0	5.0	7.0	2.0	16.0	2.0	1.0	8.0	9.0	0.0	0.0	0.0	6.0	4.0	31.0	0.0	1.0	3.0	0.0	0.0	16.0	2.0	14.0	3.0	10.0	20.0	7.0	0.0	2.0	2.0	1.0	21.0	23.0	5.0	3.0	7.0	14.0	2.0	1.0	4.0	5.0	5.0	6.0	17.0	0.0	6.0	1.0	9.0	4.0	6.0	9.0	0.0	5.0	8.0	3.0	6.0	1.0	15.0	
3.0	11.0	13.0	3.0	21.0	3.0	4.0	4.0	0.0	8.0	0.0	1.0	1.0	1.0	9.0	1.0	12.0	0.0	6.0	3.0	3.0	9.0	3.0	3.0	1.0	12.0	0.0	15.0	0.0	6.0	4.0	0.0	7.0	5.0	17.0	0.0	11.0	20.0	11.0	6.0	4.0	16.0	7.0	6.0	5.0	7.0	2.0	9.0	2.0	1.0	8.0	5.0	0.0	0.0	0.0	6.0	4.0	31.0	0.0	1.0	3.0	0.0	0.0	15.0	1.0	14.0	3.0	10.0	19.0	7.0	0.0	2.0	2.0	1.0	21.0	23.0	5.0	3.0	1.0	14.0	2.0	1.0	2.0	5.0	5.0	5.0	5.0	0.0	6.0	1.0	9.0	4.0	2.0	9.0	0.0	5.0	8.0	3.0	6.0	1.0	14.0	
3.0	5.0	13.0	3.0	8.0	3.0	4.0	4.0	0.0	8.0	0.0	1.0	1.0	1.0	9.0	1.0	1.0	0.0	6.0	3.0	3.0	9.0	3.0	3.0	1.0	12.0	0.0	15.0	0.0	6.0	3.0	0.0	7.0	5.0	13.0	0.0	11.0	20.0	11.0	6.0	4.0	8.0	7.0	6.0	5.0	7.0	2.0	9.0	1.0	1.0	8.0	5.0	0.0	0.0	0.0	6.0	4.0	31.0	0.0	1.0	3.0	0.0	0.0	14.0	1.0	6.0	3.0	10.0	10.0	7.0	0.0	2.0	2.0	1.0	19.0	6.0	5.0	3.0	1.0	10.0	2.0	1.0	2.0	4.0	5.0	5.0	5.0	0.0	2.0	1.0	9.0	4.0	2.0	9.0	0.0	5.0	8.0	3.0	6.0	1.0	3.0	
1.0	3.0	13.0	3.0	8.0	3.0	4.0	4.0	0.0	8.0	0.0	1.0	1.0	1.0	9.0	1.0	1.0	0.0	6.0	3.0	3.0	4.0	3.0	3.0	1.0	12.0	0.0	15.0	0.0	6.0	3.0	0.0	7.0	5.0	2.0	0.0	11.0	19.0	11.0	6.0	3.0	8.0	7.0	6.0	5.0	7.0	2.0	9.0	1.0	1.0	2.0	5.0	0.0	0.0	0.0	6.0	4.0	31.0	0.0	1.0	3.0	0.0	0.0	7.0	1.0	6.0	3.0	10.0	10.0	7.0	0.0	2.0	2.0	1.0	4.0	6.0	5.0	3.0	1.0	9.0	1.0	1.0	2.0	4.0	5.0	5.0	4.0	0.0	1.0	1.0	9.0	4.0	2.0	3.0	0.0	5.0	8.0	3.0	6.0	1.0	3.0	
1.0	3.0	13.0	3.0	5.0	3.0	4.0	4.0	0.0	8.0	0.0	0.0	1.0	1.0	9.0	1.0	1.0	0.0	6.0	3.0	3.0	4.0	3.0	3.0	1.0	12.0	0.0	15.0	0.0	1.0	3.0	0.0	7.0	5.0	2.0	0.0	11.0	5.0	11.0	1.0	1.0	8.0	7.0	6.0	5.0	7.0	2.0	9.0	1.0	1.0	1.0	5.0	0.0	0.0	0.0	6.0	4.0	31.0	0.0	1.0	3.0	0.0	0.0	7.0	1.0	6.0	3.0	10.0	10.0	7.0	0.0	2.0	2.0	1.0	4.0	6.0	5.0	3.0	1.0	5.0	1.0	1.0	2.0	3.0	5.0	5.0	4.0	0.0	1.0	1.0	9.0	0.0	2.0	3.0	0.0	5.0	8.0	3.0	6.0	1.0	3.0	
1.0	3.0	9.0	3.0	5.0	3.0	4.0	4.0	0.0	6.0	0.0	0.0	1.0	1.0	9.0	1.0	1.0	0.0	6.0	3.0	3.0	4.0	3.0	3.0	1.0	9.0	0.0	15.0	0.0	0.0	3.0	0.0	7.0	5.0	2.0	0.0	11.0	5.0	8.0	1.0	1.0	8.0	7.0	6.0	5.0	7.0	2.0	9.0	1.0	1.0	1.0	5.0	0.0	0.0	0.0	6.0	4.0	31.0	0.0	1.0	3.0	0.0	0.0	7.0	1.0	6.0	3.0	6.0	10.0	7.0	0.0	2.0	2.0	1.0	4.0	6.0	5.0	3.0	1.0	5.0	1.0	1.0	2.0	3.0	5.0	1.0	4.0	0.0	1.0	1.0	9.0	0.0	2.0	3.0	0.0	5.0	8.0	3.0	6.0	1.0	0.0	
1.0	2.0	9.0	3.0	5.0	3.0	4.0	1.0	0.0	6.0	0.0	0.0	1.0	1.0	2.0	1.0	1.0	0.0	4.0	3.0	3.0	4.0	3.0	3.0	1.0	9.0	0.0	9.0	0.0	0.0	3.0	0.0	6.0	4.0	2.0	0.0	11.0	5.0	8.0	1.0	1.0	8.0	7.0	6.0	5.0	7.0	0.0	9.0	1.0	1.0	1.0	5.0	0.0	0.0	0.0	6.0	4.0	31.0	0.0	1.0	3.0	0.0	0.0	7.0	1.0	6.0	3.0	6.0	10.0	7.0	0.0	2.0	2.0	1.0	4.0	6.0	5.0	3.0	1.0	5.0	1.0	1.0	2.0	3.0	5.0	1.0	4.0	0.0	1.0	1.0	9.0	0.0	2.0	1.0	0.0	5.0	8.0	3.0	6.0	1.0	0.0	
1.0	2.0	8.0	3.0	5.0	3.0	4.0	1.0	0.0	6.0	0.0	0.0	1.0	1.0	2.0	1.0	1.0	0.0	4.0	3.0	3.0	4.0	3.0	3.0	1.0	7.0	0.0	9.0	0.0	0.0	3.0	0.0	5.0	4.0	2.0	0.0	11.0	5.0	3.0	1.0	1.0	8.0	4.0	6.0	5.0	7.0	0.0	9.0	1.0	1.0	1.0	5.0	0.0	0.0	0.0	6.0	4.0	31.0	0.0	1.0	3.0	0.0	0.0	7.0	1.0	6.0	3.0	2.0	10.0	3.0	0.0	2.0	2.0	0.0	4.0	6.0	5.0	2.0	1.0	5.0	1.0	1.0	2.0	3.0	5.0	1.0	4.0	0.0	1.0	1.0	9.0	0.0	2.0	1.0	0.0	5.0	8.0	3.0	6.0	1.0	0.0	
1.0	2.0	8.0	3.0	5.0	3.0	4.0	1.0	0.0	6.0	0.0	0.0	1.0	1.0	2.0	1.0	1.0	0.0	4.0	3.0	3.0	2.0	3.0	3.0	1.0	4.0	0.0	2.0	0.0	0.0	3.0	0.0	5.0	4.0	1.0	0.0	11.0	5.0	3.0	1.0	1.0	8.0	4.0	6.0	5.0	7.0	0.0	9.0	1.0	1.0	1.0	1.0	0.0	0.0	0.0	6.0	4.0	31.0	0.0	1.0	3.0	0.0	0.0	7.0	1.0	3.0	3.0	2.0	6.0	3.0	0.0	2.0	2.0	0.0	4.0	6.0	5.0	2.0	1.0	1.0	1.0	1.0	2.0	0.0	5.0	1.0	3.0	0.0	1.0	1.0	9.0	0.0	2.0	1.0	0.0	5.0	5.0	3.0	6.0	1.0	0.0	
1.0	1.0	8.0	3.0	1.0	3.0	4.0	1.0	0.0	6.0	0.0	0.0	1.0	1.0	2.0	1.0	1.0	0.0	2.0	3.0	3.0	2.0	3.0	3.0	1.0	4.0	0.0	2.0	0.0	0.0	3.0	0.0	5.0	4.0	0.0	0.0	11.0	4.0	3.0	1.0	1.0	8.0	4.0	0.0	5.0	7.0	0.0	9.0	1.0	1.0	1.0	1.0	0.0	0.0	0.0	6.0	4.0	31.0	0.0	1.0	3.0	0.0	0.0	6.0	1.0	3.0	3.0	2.0	6.0	3.0	0.0	1.0	2.0	0.0	4.0	6.0	5.0	0.0	1.0	1.0	0.0	0.0	0.0	0.0	5.0	1.0	2.0	0.0	1.0	1.0	9.0	0.0	2.0	1.0	0.0	5.0	5.0	3.0	2.0	1.0	0.0	
1.0	1.0	8.0	3.0	1.0	3.0	4.0	1.0	0.0	6.0	0.0	0.0	1.0	1.0	1.0	1.0	1.0	0.0	2.0	3.0	3.0	2.0	3.0	3.0	1.0	4.0	0.0	2.0	0.0	0.0	3.0	0.0	4.0	4.0	0.0	0.0	11.0	4.0	0.0	1.0	1.0	8.0	2.0	0.0	5.0	7.0	0.0	9.0	1.0	1.0	1.0	1.0	0.0	0.0	0.0	6.0	4.0	31.0	0.0	1.0	3.0	0.0	0.0	6.0	1.0	2.0	1.0	2.0	6.0	3.0	0.0	1.0	2.0	0.0	4.0	6.0	5.0	0.0	1.0	1.0	0.0	0.0	0.0	0.0	5.0	1.0	2.0	0.0	1.0	1.0	8.0	0.0	2.0	0.0	0.0	5.0	5.0	3.0	2.0	1.0	0.0	
