-1367314396384	23808	-1367314606235	-1367314693888	10352	4334	-1367315108461	24749	-1367315397290	24438	-1367315736163	18481	-1367315941309	31684	-1367316170797	-1367316295172	6567	-1367316643310	8937	7272	9532	-1367317146962	7011	13319	-1367317568090	-1367317714540	-1367317969336	-1367318081369	-1367318204773	-1367318354409	20802	10171	-1367318821127	20305	23523	-1367319448850	-1367319564505	43271	-1367320069990	-1367320210434	-1367320369078	33589	-1367321211582	22636	-1367321464004	-1367321599943	-1367321678932	6846	-1367321969170	25576	-1367322208724	17356	7939	12760	-1367322888087	12932	19643	-1367323242220	-1367323380658	-1367323930206	-1367324004263	-1367324120211	12475	-1367324394260	-1367324501721	11434	14059	-1367324961663	-1367325063356	-1367325209549	10436	-1367325426717	28392	-1367325834681	-1367325941628	-1	-1367326123808	-1367326309735	-1367326426498	-1367326674059	-1367326842134	-1367326951214	-1367327323495	-1367327407445	4766	13278	8690	10361	-1367328065276	9777	11415	23411	21933	-1367329180472	-1367329511735	-1367329566817	-1367329679899	11034	11356	-1367330079753	25605	
68.0	260.0	299.0	367.0	201.0	265.0	302.0	239.0	229.0	251.0	227.0	238.0	271.0	259.0	277.0	375.0	153.0	259.0	174.0	260.0	233.0	272.0	258.0	272.0	311.0	213.0	192.0	230.0	248.0	228.0	257.0	236.0	186.0	186.0	201.0	189.0	300.0	344.0	244.0	270.0	307.0	307.0	248.0	239.0	186.0	179.0	244.0	206.0	202.0	235.0	204.0	288.0	238.0	188.0	192.0	172.0	216.0	226.0	270.0	219.0	215.0	184.0	190.0	228.0	266.0	230.0	167.0	178.0	215.0	299.0	197.0	219.0	207.0	256.0	301.0	415.0	262.0	210.0	202.0	183.0	66.0	231.0	255.0	197.0	192.0	251.0	202.0	216.0	294.0	242.0	137.0	216.0	213.0	59.0	257.0	206.0	242.0	280.0	194.0	256.0	227.0	
28.0	125.0	299.0	367.0	200.0	23.0	302.0	143.0	151.0	202.0	77.0	232.0	231.0	259.0	33.0	375.0	95.0	137.0	174.0	222.0	28.0	245.0	169.0	68.0	204.0	213.0	138.0	174.0	202.0	207.0	24.0	191.0	45.0	83.0	72.0	189.0	216.0	255.0	187.0	232.0	248.0	200.0	71.0	239.0	148.0	128.0	224.0	44.0	54.0	216.0	151.0	187.0	69.0	47.0	44.0	162.0	79.0	207.0	229.0	45.0	81.0	38.0	120.0	138.0	266.0	39.0	133.0	41.0	170.0	299.0	165.0	43.0	183.0	224.0	301.0	415.0	199.0	35.0	187.0	153.0	35.0	44.0	255.0	127.0	44.0	40.0	163.0	56.0	294.0	229.0	137.0	180.0	37.0	17.0	61.0	206.0	214.0	192.0	19.0	206.0	117.0	
28.0	34.0	299.0	367.0	42.0	6.0	302.0	46.0	2.0	91.0	34.0	186.0	231.0	37.0	13.0	375.0	63.0	50.0	59.0	164.0	28.0	244.0	138.0	26.0	34.0	37.0	56.0	158.0	64.0	52.0	11.0	23.0	12.0	46.0	26.0	52.0	216.0	182.0	130.0	211.0	166.0	198.0	23.0	67.0	71.0	69.0	218.0	23.0	40.0	176.0	71.0	155.0	47.0	28.0	27.0	28.0	19.0	170.0	195.0	45.0	58.0	25.0	92.0	68.0	266.0	39.0	133.0	15.0	131.0	299.0	30.0	43.0	46.0	29.0	301.0	415.0	112.0	14.0	135.0	21.0	5.0	26.0	255.0	41.0	20.0	26.0	28.0	29.0	294.0	46.0	32.0	65.0	15.0	17.0	46.0	148.0	178.0	142.0	19.0	53.0	61.0	
28.0	16.0	299.0	367.0	14.0	0.0	302.0	35.0	1.0	83.0	23.0	43.0	231.0	37.0	13.0	375.0	31.0	15.0	18.0	111.0	28.0	244.0	31.0	13.0	11.0	37.0	56.0	50.0	9.0	43.0	9.0	23.0	11.0	28.0	14.0	17.0	216.0	37.0	53.0	198.0	134.0	49.0	6.0	62.0	71.0	69.0	166.0	23.0	33.0	153.0	39.0	67.0	24.0	28.0	27.0	15.0	4.0	153.0	52.0	28.0	25.0	25.0	16.0	68.0	266.0	39.0	70.0	15.0	50.0	299.0	7.0	28.0	39.0	12.0	301.0	415.0	53.0	1.0	36.0	2.0	5.0	26.0	255.0	17.0	0.0	7.0	25.0	29.0	294.0	12.0	32.0	46.0	9.0	17.0	25.0	71.0	81.0	42.0	19.0	51.0	10.0	
10.0	16.0	299.0	367.0	3.0	0.0	302.0	4.0	1.0	59.0	13.0	24.0	231.0	37.0	13.0	375.0	7.0	15.0	18.0	47.0	12.0	244.0	9.0	13.0	4.0	34.0	52.0	14.0	5.0	43.0	9.0	23.0	11.0	16.0	7.0	17.0	216.0	19.0	11.0	122.0	103.0	16.0	6.0	62.0	56.0	40.0	73.0	23.0	33.0	118.0	38.0	53.0	7.0	28.0	13.0	15.0	3.0	32.0	46.0	28.0	17.0	5.0	2.0	46.0	266.0	36.0	23.0	7.0	38.0	299.0	4.0	6.0	39.0	12.0	301.0	415.0	53.0	1.0	5.0	2.0	5.0	26.0	255.0	11.0	0.0	7.0	15.0	29.0	294.0	2.0	27.0	2.0	9.0	17.0	25.0	15.0	39.0	27.0	19.0	15.0	8.0	
7.0	16.0	299.0	367.0	3.0	0.0	302.0	4.0	1.0	38.0	8.0	3.0	231.0	28.0	9.0	375.0	0.0	15.0	6.0	2.0	11.0	244.0	1.0	9.0	4.0	34.0	16.0	14.0	5.0	30.0	9.0	13.0	11.0	14.0	7.0	4.0	216.0	19.0	11.0	67.0	92.0	10.0	6.0	51.0	36.0	40.0	19.0	0.0	33.0	35.0	4.0	23.0	7.0	3.0	13.0	15.0	3.0	15.0	5.0	24.0	17.0	4.0	2.0	18.0	266.0	12.0	20.0	1.0	26.0	299.0	2.0	1.0	22.0	12.0	301.0	415.0	48.0	1.0	2.0	2.0	5.0	26.0	255.0	4.0	0.0	7.0	14.0	29.0	294.0	2.0	22.0	2.0	9.0	3.0	25.0	15.0	32.0	27.0	6.0	10.0	8.0	
7.0	16.0	299.0	367.0	3.0	0.0	302.0	4.0	1.0	36.0	8.0	2.0	231.0	13.0	9.0	375.0	0.0	15.0	6.0	0.0	10.0	244.0	0.0	3.0	4.0	19.0	16.0	8.0	5.0	9.0	9.0	9.0	11.0	14.0	7.0	1.0	216.0	15.0	11.0	63.0	36.0	10.0	6.0	32.0	31.0	36.0	5.0	0.0	33.0	18.0	2.0	10.0	0.0	2.0	13.0	15.0	3.0	8.0	2.0	4.0	17.0	4.0	2.0	13.0	266.0	12.0	18.0	1.0	11.0	299.0	2.0	1.0	16.0	6.0	301.0	415.0	12.0	1.0	2.0	2.0	5.0	26.0	255.0	4.0	0.0	3.0	5.0	4.0	294.0	2.0	22.0	2.0	9.0	3.0	25.0	9.0	2.0	16.0	6.0	10.0	8.0	
7.0	15.0	299.0	367.0	3.0	0.0	302.0	4.0	1.0	13.0	8.0	2.0	231.0	13.0	9.0	375.0	0.0	15.0	0.0	0.0	10.0	244.0	0.0	3.0	4.0	10.0	7.0	8.0	5.0	9.0	9.0	5.0	10.0	11.0	7.0	1.0	216.0	10.0	11.0	28.0	36.0	10.0	6.0	4.0	6.0	14.0	5.0	0.0	31.0	18.0	2.0	10.0	0.0	2.0	13.0	15.0	3.0	8.0	2.0	4.0	17.0	4.0	2.0	13.0	266.0	12.0	6.0	1.0	11.0	299.0	2.0	1.0	16.0	6.0	301.0	415.0	12.0	1.0	2.0	2.0	5.0	26.0	255.0	4.0	0.0	1.0	0.0	2.0	294.0	2.0	12.0	2.0	9.0	3.0	15.0	9.0	2.0	11.0	6.0	9.0	2.0	
7.0	14.0	299.0	367.0	3.0	0.0	302.0	4.0	1.0	10.0	8.0	2.0	231.0	13.0	9.0	375.0	0.0	15.0	0.0	0.0	0.0	244.0	0.0	3.0	4.0	10.0	7.0	3.0	4.0	3.0	9.0	3.0	10.0	11.0	7.0	1.0	216.0	10.0	11.0	19.0	36.0	10.0	6.0	4.0	6.0	14.0	4.0	0.0	31.0	16.0	2.0	10.0	0.0	2.0	3.0	15.0	3.0	5.0	2.0	4.0	17.0	4.0	1.0	13.0	266.0	10.0	5.0	1.0	11.0	299.0	2.0	1.0	4.0	6.0	301.0	415.0	7.0	1.0	2.0	2.0	5.0	12.0	255.0	4.0	0.0	1.0	0.0	2.0	294.0	0.0	12.0	2.0	9.0	3.0	6.0	9.0	2.0	4.0	6.0	9.0	2.0	
7.0	10.0	299.0	367.0	0.0	0.0	302.0	4.0	1.0	10.0	6.0	2.0	231.0	12.0	4.0	375.0	0.0	15.0	0.0	0.0	0.0	244.0	0.0	3.0	4.0	10.0	1.0	3.0	4.0	3.0	9.0	0.0	10.0	8.0	2.0	1.0	216.0	10.0	11.0	17.0	20.0	10.0	6.0	2.0	6.0	14.0	4.0	0.0	31.0	10.0	2.0	10.0	0.0	2.0	3.0	4.0	3.0	1.0	2.0	4.0	17.0	4.0	1.0	13.0	266.0	10.0	5.0	1.0	10.0	299.0	0.0	1.0	4.0	6.0	301.0	415.0	7.0	1.0	2.0	2.0	5.0	7.0	255.0	4.0	0.0	1.0	0.0	0.0	294.0	0.0	7.0	2.0	9.0	3.0	5.0	5.0	2.0	4.0	5.0	4.0	2.0	
7.0	10.0	299.0	367.0	0.0	0.0	302.0	4.0	1.0	10.0	6.0	2.0	231.0	12.0	4.0	375.0	0.0	5.0	0.0	0.0	0.0	244.0	0.0	3.0	4.0	10.0	1.0	3.0	4.0	3.0	9.0	0.0	10.0	5.0	2.0	1.0	216.0	10.0	10.0	16.0	20.0	10.0	6.0	2.0	6.0	14.0	4.0	0.0	13.0	5.0	2.0	1.0	0.0	2.0	2.0	4.0	1.0	1.0	2.0	3.0	17.0	4.0	1.0	13.0	266.0	0.0	5.0	1.0	10.0	299.0	0.0	1.0	4.0	6.0	301.0	415.0	7.0	1.0	2.0	2.0	5.0	5.0	255.0	4.0	0.0	1.0	0.0	0.0	294.0	0.0	0.0	2.0	3.0	3.0	5.0	2.0	2.0	0.0	0.0	2.0	2.0	
7.0	10.0	299.0	367.0	0.0	0.0	302.0	4.0	1.0	7.0	6.0	2.0	231.0	4.0	4.0	375.0	0.0	5.0	0.0	0.0	0.0	244.0	0.0	3.0	4.0	7.0	1.0	3.0	4.0	2.0	9.0	0.0	1.0	5.0	2.0	1.0	216.0	9.0	10.0	4.0	20.0	10.0	6.0	2.0	4.0	14.0	4.0	0.0	10.0	5.0	2.0	1.0	0.0	0.0	2.0	0.0	1.0	1.0	2.0	3.0	17.0	4.0	0.0	13.0	266.0	0.0	5.0	1.0	10.0	299.0	0.0	1.0	4.0	6.0	301.0	415.0	7.0	1.0	2.0	2.0	5.0	5.0	255.0	4.0	0.0	1.0	0.0	0.0	294.0	0.0	0.0	2.0	3.0	3.0	5.0	2.0	2.0	0.0	0.0	2.0	2.0	
6.0	9.0	299.0	367.0	0.0	0.0	302.0	4.0	1.0	3.0	6.0	2.0	231.0	4.0	3.0	375.0	0.0	5.0	0.0	0.0	0.0	244.0	0.0	0.0	4.0	4.0	1.0	3.0	4.0	2.0	3.0	0.0	1.0	5.0	2.0	1.0	216.0	3.0	8.0	4.0	20.0	10.0	4.0	2.0	4.0	12.0	4.0	0.0	5.0	3.0	2.0	1.0	0.0	0.0	2.0	0.0	1.0	1.0	2.0	3.0	17.0	4.0	0.0	1.0	266.0	0.0	3.0	1.0	10.0	299.0	0.0	1.0	4.0	6.0	301.0	415.0	6.0	1.0	2.0	2.0	5.0	5.0	255.0	4.0	0.0	0.0	0.0	0.0	294.0	0.0	0.0	2.0	3.0	1.0	5.0	2.0	2.0	0.0	0.0	2.0	2.0	
6.0	9.0	299.0	367.0	0.0	0.0	302.0	4.0	1.0	3.0	6.0	2.0	231.0	4.0	3.0	375.0	0.0	3.0	0.0	0.0	0.0	244.0	0.0	0.0	4.0	3.0	1.0	2.0	4.0	2.0	3.0	0.0	1.0	5.0	2.0	1.0	216.0	3.0	7.0	4.0	20.0	10.0	4.0	2.0	4.0	9.0	4.0	0.0	5.0	3.0	2.0	1.0	0.0	0.0	2.0	0.0	1.0	1.0	2.0	3.0	17.0	4.0	0.0	1.0	266.0	0.0	0.0	1.0	10.0	299.0	0.0	1.0	4.0	6.0	301.0	415.0	6.0	1.0	2.0	2.0	3.0	2.0	255.0	4.0	0.0	0.0	0.0	0.0	294.0	0.0	0.0	2.0	3.0	1.0	5.0	2.0	2.0	0.0	0.0	2.0	2.0	
5.0	9.0	299.0	367.0	0.0	0.0	302.0	4.0	1.0	3.0	2.0	2.0	231.0	4.0	3.0	375.0	0.0	2.0	0.0	0.0	0.0	244.0	0.0	0.0	1.0	3.0	1.0	2.0	4.0	2.0	3.0	0.0	1.0	5.0	2.0	1.0	216.0	3.0	7.0	4.0	20.0	10.0	4.0	2.0	4.0	9.0	2.0	0.0	5.0	3.0	2.0	1.0	0.0	0.0	2.0	0.0	1.0	1.0	2.0	3.0	17.0	4.0	0.0	1.0	266.0	0.0	0.0	1.0	8.0	299.0	0.0	1.0	4.0	3.0	301.0	415.0	1.0	1.0	2.0	2.0	3.0	2.0	255.0	4.0	0.0	0.0	0.0	0.0	294.0	0.0	0.0	2.0	3.0	1.0	5.0	2.0	2.0	0.0	0.0	2.0	2.0	
5.0	9.0	299.0	367.0	0.0	0.0	302.0	4.0	1.0	3.0	2.0	1.0	231.0	4.0	3.0	375.0	0.0	2.0	0.0	0.0	0.0	244.0	0.0	0.0	1.0	3.0	1.0	2.0	4.0	2.0	3.0	0.0	1.0	2.0	2.0	1.0	216.0	3.0	7.0	4.0	20.0	7.0	4.0	2.0	4.0	9.0	2.0	0.0	5.0	3.0	2.0	1.0	0.0	0.0	2.0	0.0	1.0	1.0	2.0	3.0	17.0	4.0	0.0	1.0	266.0	0.0	0.0	1.0	8.0	299.0	0.0	1.0	4.0	3.0	301.0	415.0	1.0	1.0	2.0	2.0	3.0	2.0	255.0	4.0	0.0	0.0	0.0	0.0	294.0	0.0	0.0	2.0	3.0	1.0	5.0	2.0	2.0	0.0	0.0	2.0	2.0	
5.0	9.0	299.0	367.0	0.0	0.0	302.0	4.0	1.0	3.0	2.0	1.0	231.0	4.0	1.0	375.0	0.0	2.0	0.0	0.0	0.0	244.0	0.0	0.0	1.0	3.0	1.0	2.0	4.0	2.0	3.0	0.0	1.0	2.0	2.0	1.0	216.0	3.0	7.0	4.0	20.0	7.0	4.0	2.0	4.0	7.0	2.0	0.0	5.0	3.0	2.0	0.0	0.0	0.0	2.0	0.0	1.0	1.0	2.0	3.0	17.0	2.0	0.0	1.0	266.0	0.0	0.0	1.0	8.0	299.0	0.0	1.0	4.0	3.0	301.0	415.0	1.0	1.0	2.0	2.0	3.0	2.0	255.0	4.0	0.0	0.0	0.0	0.0	294.0	0.0	0.0	2.0	3.0	1.0	3.0	2.0	2.0	0.0	0.0	2.0	2.0	
5.0	6.0	299.0	367.0	0.0	0.0	302.0	4.0	1.0	3.0	2.0	0.0	231.0	3.0	1.0	375.0	0.0	1.0	0.0	0.0	0.0	244.0	0.0	0.0	1.0	3.0	1.0	2.0	2.0	1.0	3.0	0.0	1.0	1.0	2.0	1.0	216.0	3.0	7.0	4.0	16.0	7.0	4.0	2.0	4.0	7.0	2.0	0.0	5.0	3.0	2.0	0.0	0.0	0.0	2.0	0.0	1.0	1.0	2.0	3.0	17.0	2.0	0.0	1.0	266.0	0.0	0.0	1.0	8.0	299.0	0.0	1.0	4.0	3.0	301.0	415.0	1.0	1.0	2.0	2.0	3.0	2.0	255.0	4.0	0.0	0.0	0.0	0.0	294.0	0.0	0.0	2.0	3.0	1.0	3.0	2.0	2.0	0.0	0.0	2.0	2.0	
